100
-9959
-9453
-9390
-9254
-9140
-9024
-8769
-8500
-8492
-8158
-7928
-7622
-7304
-6839
-6708
-6691
-6646
-6622
-6296
-5829
-5762
-5614
-5551
-5215
-4904
-4584
-4277
-4054
-3450
-3124
-3112
-2990
-2914
-2684
-2514
-2452
-2345
-2125
-1969
-1735
-1406
-1321
-1264
-1206
-985
-770
-575
-392
-318
-259
-164
26
140
471
609
1092
1138
1318
1344
1397
1496
1754
1759
1869
2011
2905
2974
3284
3665
4405
4426
4626
4646
4688
4806
5114
5496
5782
6136
6715
7060
7157
7283
7441
7503
7587
7760
7854
8406
8641
8743
8801
8955
9071
9074
9261
9388
9470
9843
9938
