100
-1735
-318
7157
-5551
-2684
-6622
-164
-3124
-9453
2011
9470
6715
1759
-770
2905
5496
-259
1318
-1969
-2990
7587
8801
8743
1496
9843
1092
-9024
-3112
-1206
-7928
-6296
7060
1754
-9140
-8492
9071
-5762
1344
-4054
-5215
-6646
-4584
-8500
5114
4646
4405
609
-5614
-4277
8641
1397
-6691
7441
140
4806
7283
-8769
5782
-5829
26
7854
-2125
-2914
-392
-1264
-1406
-1321
2974
9938
4626
7760
-6708
-9959
9261
8406
4688
3665
-985
9074
9388
-2345
471
-7304
-4904
-9390
7503
-7622
-8158
3284
-3450
1869
1138
4426
8955
-9254
-6839
-2452
-575
6136
-2514
