10000
-9998
-9997
-9996
-9994
-9993
-9992
-9987
-9984
-9980
-9978
-9975
-9967
-9966
-9965
-9964
-9963
-9958
-9957
-9950
-9950
-9949
-9948
-9941
-9941
-9940
-9935
-9933
-9932
-9931
-9928
-9928
-9926
-9925
-9922
-9922
-9918
-9918
-9918
-9917
-9916
-9915
-9913
-9911
-9911
-9909
-9908
-9907
-9906
-9904
-9902
-9897
-9895
-9893
-9892
-9890
-9887
-9886
-9884
-9883
-9879
-9874
-9870
-9869
-9868
-9868
-9868
-9865
-9864
-9860
-9859
-9856
-9856
-9855
-9855
-9854
-9851
-9850
-9848
-9846
-9842
-9842
-9839
-9839
-9839
-9839
-9834
-9834
-9832
-9831
-9828
-9824
-9823
-9822
-9820
-9818
-9817
-9817
-9816
-9815
-9815
-9813
-9811
-9811
-9808
-9806
-9806
-9805
-9805
-9804
-9804
-9803
-9799
-9797
-9797
-9794
-9793
-9792
-9792
-9789
-9783
-9781
-9780
-9779
-9777
-9775
-9774
-9772
-9771
-9767
-9765
-9762
-9760
-9742
-9740
-9739
-9736
-9735
-9734
-9730
-9726
-9722
-9721
-9717
-9717
-9716
-9715
-9714
-9714
-9714
-9713
-9713
-9712
-9712
-9704
-9703
-9700
-9699
-9696
-9696
-9693
-9691
-9690
-9686
-9685
-9683
-9678
-9675
-9675
-9673
-9673
-9670
-9668
-9667
-9665
-9664
-9664
-9662
-9660
-9660
-9660
-9660
-9659
-9659
-9658
-9656
-9655
-9650
-9649
-9646
-9645
-9643
-9642
-9642
-9635
-9635
-9631
-9630
-9629
-9629
-9628
-9628
-9626
-9625
-9624
-9624
-9622
-9622
-9615
-9614
-9614
-9613
-9611
-9610
-9608
-9607
-9607
-9602
-9597
-9596
-9595
-9593
-9593
-9593
-9584
-9582
-9581
-9581
-9580
-9580
-9579
-9579
-9576
-9575
-9573
-9571
-9570
-9570
-9567
-9566
-9561
-9560
-9560
-9559
-9559
-9558
-9558
-9557
-9555
-9548
-9548
-9546
-9544
-9538
-9534
-9527
-9524
-9521
-9520
-9518
-9518
-9515
-9514
-9513
-9513
-9511
-9507
-9506
-9505
-9505
-9504
-9502
-9499
-9499
-9498
-9498
-9497
-9497
-9488
-9488
-9485
-9485
-9484
-9483
-9480
-9476
-9473
-9471
-9467
-9466
-9465
-9462
-9462
-9458
-9457
-9456
-9455
-9451
-9451
-9451
-9450
-9437
-9437
-9437
-9435
-9434
-9433
-9431
-9428
-9420
-9420
-9417
-9414
-9410
-9408
-9407
-9406
-9405
-9402
-9402
-9401
-9399
-9386
-9386
-9383
-9383
-9380
-9379
-9373
-9372
-9369
-9368
-9366
-9363
-9361
-9361
-9358
-9357
-9356
-9356
-9355
-9353
-9349
-9345
-9341
-9339
-9338
-9337
-9335
-9334
-9333
-9327
-9327
-9323
-9322
-9314
-9313
-9311
-9310
-9310
-9305
-9302
-9301
-9301
-9300
-9300
-9299
-9299
-9299
-9297
-9291
-9290
-9290
-9289
-9288
-9288
-9287
-9284
-9284
-9282
-9280
-9280
-9275
-9267
-9267
-9264
-9263
-9261
-9251
-9249
-9247
-9246
-9245
-9244
-9243
-9242
-9242
-9242
-9239
-9231
-9228
-9227
-9226
-9225
-9219
-9207
-9206
-9206
-9205
-9205
-9201
-9200
-9199
-9198
-9195
-9195
-9193
-9187
-9186
-9185
-9185
-9183
-9183
-9181
-9178
-9175
-9172
-9167
-9165
-9162
-9161
-9161
-9159
-9158
-9155
-9145
-9143
-9142
-9142
-9142
-9141
-9138
-9137
-9135
-9135
-9132
-9128
-9127
-9127
-9122
-9121
-9121
-9120
-9119
-9118
-9116
-9116
-9114
-9112
-9108
-9106
-9105
-9105
-9105
-9097
-9096
-9095
-9095
-9094
-9092
-9086
-9086
-9084
-9082
-9079
-9078
-9077
-9074
-9073
-9064
-9062
-9062
-9053
-9052
-9051
-9051
-9049
-9045
-9045
-9037
-9035
-9033
-9028
-9025
-9024
-9024
-9017
-9014
-9003
-9003
-9000
-9000
-8999
-8999
-8998
-8996
-8994
-8994
-8993
-8992
-8991
-8990
-8987
-8986
-8986
-8985
-8980
-8979
-8976
-8975
-8973
-8966
-8966
-8966
-8965
-8962
-8960
-8959
-8958
-8952
-8951
-8950
-8950
-8947
-8945
-8942
-8942
-8937
-8937
-8936
-8934
-8932
-8930
-8929
-8927
-8924
-8922
-8922
-8921
-8919
-8912
-8911
-8909
-8909
-8908
-8907
-8906
-8904
-8902
-8902
-8900
-8898
-8895
-8885
-8884
-8880
-8880
-8877
-8876
-8871
-8869
-8860
-8860
-8860
-8858
-8857
-8857
-8853
-8853
-8852
-8850
-8848
-8845
-8842
-8838
-8836
-8835
-8834
-8833
-8830
-8829
-8828
-8826
-8822
-8813
-8812
-8809
-8807
-8806
-8802
-8795
-8792
-8791
-8790
-8790
-8789
-8787
-8786
-8785
-8783
-8783
-8783
-8782
-8782
-8780
-8780
-8775
-8775
-8774
-8773
-8771
-8770
-8769
-8767
-8767
-8760
-8759
-8759
-8757
-8756
-8755
-8754
-8754
-8750
-8750
-8748
-8746
-8745
-8740
-8738
-8738
-8737
-8735
-8734
-8731
-8729
-8728
-8728
-8728
-8728
-8727
-8726
-8726
-8724
-8719
-8718
-8715
-8713
-8713
-8711
-8711
-8709
-8708
-8707
-8703
-8697
-8693
-8692
-8692
-8691
-8690
-8689
-8683
-8683
-8681
-8679
-8675
-8673
-8672
-8670
-8668
-8666
-8665
-8665
-8662
-8661
-8660
-8658
-8657
-8655
-8654
-8654
-8653
-8652
-8651
-8651
-8651
-8648
-8647
-8642
-8638
-8636
-8636
-8635
-8635
-8625
-8625
-8624
-8623
-8622
-8620
-8618
-8614
-8612
-8611
-8611
-8610
-8608
-8608
-8606
-8599
-8598
-8594
-8590
-8590
-8589
-8589
-8588
-8587
-8582
-8578
-8575
-8573
-8570
-8569
-8569
-8566
-8565
-8562
-8561
-8559
-8557
-8550
-8550
-8547
-8545
-8545
-8545
-8541
-8540
-8539
-8536
-8535
-8534
-8533
-8532
-8531
-8528
-8527
-8525
-8520
-8519
-8519
-8518
-8516
-8516
-8512
-8511
-8509
-8508
-8506
-8506
-8505
-8503
-8501
-8501
-8498
-8497
-8496
-8495
-8493
-8493
-8486
-8485
-8471
-8466
-8466
-8461
-8456
-8455
-8450
-8449
-8449
-8445
-8444
-8443
-8442
-8436
-8433
-8431
-8427
-8427
-8425
-8425
-8424
-8420
-8417
-8417
-8416
-8415
-8415
-8407
-8404
-8404
-8403
-8402
-8402
-8396
-8396
-8395
-8395
-8391
-8390
-8389
-8388
-8388
-8386
-8385
-8384
-8382
-8382
-8382
-8381
-8380
-8373
-8372
-8370
-8368
-8366
-8364
-8358
-8356
-8354
-8354
-8353
-8353
-8352
-8352
-8352
-8347
-8347
-8344
-8343
-8343
-8340
-8338
-8334
-8333
-8332
-8331
-8330
-8330
-8327
-8325
-8324
-8323
-8322
-8321
-8321
-8321
-8316
-8315
-8314
-8312
-8308
-8306
-8306
-8306
-8302
-8302
-8302
-8302
-8300
-8297
-8297
-8294
-8291
-8291
-8289
-8288
-8281
-8280
-8280
-8280
-8279
-8279
-8278
-8272
-8269
-8263
-8262
-8259
-8258
-8257
-8257
-8255
-8249
-8249
-8246
-8245
-8244
-8244
-8239
-8237
-8237
-8235
-8235
-8234
-8233
-8233
-8232
-8229
-8226
-8225
-8225
-8216
-8215
-8214
-8213
-8212
-8211
-8206
-8197
-8196
-8193
-8187
-8187
-8186
-8183
-8182
-8180
-8180
-8176
-8175
-8174
-8174
-8173
-8168
-8166
-8165
-8164
-8162
-8157
-8157
-8157
-8153
-8151
-8151
-8150
-8148
-8146
-8145
-8142
-8141
-8137
-8134
-8134
-8130
-8125
-8125
-8123
-8121
-8120
-8120
-8120
-8119
-8117
-8117
-8113
-8113
-8108
-8107
-8104
-8103
-8101
-8099
-8098
-8096
-8093
-8086
-8084
-8082
-8082
-8081
-8081
-8080
-8080
-8078
-8074
-8074
-8067
-8066
-8064
-8063
-8063
-8061
-8059
-8054
-8054
-8054
-8047
-8046
-8043
-8043
-8043
-8042
-8041
-8039
-8039
-8038
-8032
-8022
-8021
-8017
-8015
-8014
-8013
-8011
-8009
-8009
-8008
-8007
-8005
-8005
-8002
-7999
-7998
-7994
-7990
-7990
-7987
-7987
-7981
-7978
-7975
-7974
-7972
-7968
-7966
-7964
-7963
-7959
-7959
-7959
-7958
-7956
-7954
-7953
-7951
-7950
-7950
-7948
-7944
-7942
-7933
-7930
-7925
-7923
-7912
-7910
-7909
-7906
-7905
-7905
-7904
-7903
-7902
-7902
-7901
-7896
-7896
-7893
-7892
-7891
-7890
-7889
-7888
-7888
-7887
-7884
-7882
-7881
-7876
-7874
-7870
-7870
-7868
-7863
-7861
-7861
-7860
-7849
-7847
-7847
-7846
-7844
-7837
-7836
-7834
-7833
-7823
-7822
-7819
-7818
-7818
-7816
-7813
-7811
-7807
-7798
-7797
-7796
-7796
-7795
-7793
-7792
-7792
-7790
-7788
-7787
-7785
-7782
-7782
-7782
-7781
-7780
-7778
-7778
-7777
-7776
-7776
-7774
-7771
-7769
-7768
-7768
-7766
-7764
-7762
-7761
-7760
-7758
-7758
-7757
-7756
-7753
-7752
-7751
-7750
-7744
-7744
-7744
-7742
-7740
-7737
-7734
-7734
-7733
-7733
-7731
-7729
-7729
-7729
-7726
-7725
-7725
-7724
-7724
-7722
-7719
-7714
-7710
-7708
-7708
-7708
-7707
-7703
-7699
-7699
-7699
-7698
-7698
-7696
-7696
-7693
-7692
-7691
-7690
-7686
-7678
-7678
-7678
-7677
-7677
-7667
-7663
-7662
-7662
-7662
-7659
-7657
-7656
-7653
-7653
-7653
-7651
-7648
-7648
-7647
-7646
-7645
-7644
-7644
-7641
-7639
-7633
-7632
-7630
-7623
-7621
-7621
-7621
-7621
-7621
-7621
-7617
-7612
-7603
-7601
-7592
-7591
-7586
-7586
-7584
-7584
-7582
-7581
-7581
-7581
-7579
-7578
-7572
-7569
-7564
-7562
-7556
-7552
-7547
-7546
-7545
-7544
-7542
-7541
-7541
-7541
-7530
-7530
-7527
-7526
-7525
-7524
-7523
-7522
-7516
-7513
-7509
-7505
-7504
-7503
-7499
-7496
-7481
-7480
-7472
-7471
-7469
-7469
-7464
-7461
-7458
-7454
-7453
-7453
-7452
-7452
-7451
-7444
-7443
-7436
-7433
-7433
-7432
-7431
-7430
-7427
-7426
-7425
-7421
-7410
-7407
-7407
-7407
-7405
-7404
-7404
-7401
-7401
-7400
-7398
-7397
-7396
-7395
-7383
-7379
-7378
-7377
-7374
-7372
-7372
-7370
-7370
-7366
-7364
-7363
-7362
-7362
-7360
-7359
-7358
-7356
-7353
-7352
-7349
-7349
-7347
-7346
-7345
-7342
-7341
-7337
-7333
-7332
-7331
-7330
-7327
-7324
-7321
-7315
-7315
-7313
-7311
-7310
-7307
-7306
-7305
-7299
-7297
-7292
-7291
-7288
-7287
-7278
-7274
-7274
-7273
-7270
-7269
-7267
-7266
-7265
-7262
-7260
-7260
-7254
-7251
-7250
-7246
-7243
-7240
-7239
-7237
-7233
-7233
-7232
-7230
-7229
-7227
-7227
-7226
-7224
-7224
-7223
-7222
-7221
-7220
-7219
-7218
-7216
-7211
-7209
-7209
-7208
-7207
-7206
-7206
-7204
-7201
-7200
-7199
-7199
-7199
-7197
-7196
-7195
-7194
-7194
-7191
-7190
-7189
-7187
-7183
-7183
-7181
-7180
-7179
-7178
-7176
-7174
-7174
-7172
-7170
-7169
-7169
-7168
-7168
-7166
-7164
-7149
-7148
-7148
-7147
-7147
-7146
-7146
-7145
-7145
-7144
-7142
-7142
-7141
-7140
-7140
-7138
-7138
-7137
-7134
-7132
-7132
-7128
-7126
-7125
-7122
-7121
-7117
-7116
-7112
-7111
-7109
-7107
-7102
-7094
-7094
-7092
-7092
-7092
-7085
-7074
-7073
-7072
-7066
-7065
-7061
-7060
-7059
-7058
-7057
-7055
-7053
-7049
-7048
-7047
-7045
-7044
-7044
-7038
-7035
-7035
-7033
-7032
-7028
-7027
-7026
-7024
-7021
-7020
-7018
-7004
-7004
-7003
-7001
-7001
-7000
-7000
-7000
-6993
-6993
-6984
-6982
-6981
-6975
-6975
-6974
-6969
-6968
-6968
-6968
-6967
-6966
-6958
-6956
-6955
-6955
-6954
-6950
-6950
-6948
-6947
-6946
-6945
-6945
-6945
-6943
-6943
-6941
-6941
-6940
-6938
-6937
-6937
-6934
-6933
-6930
-6930
-6928
-6924
-6924
-6922
-6921
-6920
-6915
-6914
-6914
-6912
-6912
-6905
-6904
-6904
-6903
-6900
-6899
-6889
-6883
-6881
-6880
-6877
-6875
-6871
-6862
-6859
-6859
-6858
-6857
-6857
-6857
-6855
-6851
-6850
-6850
-6842
-6838
-6837
-6835
-6831
-6824
-6824
-6822
-6818
-6816
-6815
-6813
-6813
-6813
-6810
-6807
-6806
-6805
-6801
-6796
-6794
-6794
-6792
-6787
-6786
-6783
-6783
-6783
-6781
-6780
-6780
-6776
-6776
-6776
-6773
-6772
-6768
-6762
-6758
-6758
-6754
-6751
-6749
-6748
-6748
-6746
-6746
-6746
-6745
-6743
-6742
-6739
-6737
-6736
-6733
-6729
-6729
-6720
-6719
-6714
-6714
-6714
-6712
-6712
-6708
-6706
-6704
-6701
-6693
-6692
-6691
-6691
-6690
-6689
-6689
-6685
-6683
-6679
-6677
-6674
-6673
-6673
-6667
-6665
-6663
-6656
-6655
-6650
-6647
-6646
-6645
-6644
-6644
-6643
-6643
-6641
-6640
-6636
-6635
-6633
-6631
-6630
-6629
-6626
-6617
-6612
-6612
-6611
-6611
-6609
-6609
-6608
-6607
-6601
-6600
-6599
-6595
-6592
-6591
-6591
-6589
-6585
-6581
-6580
-6576
-6574
-6574
-6570
-6570
-6569
-6568
-6564
-6563
-6563
-6562
-6562
-6561
-6559
-6559
-6557
-6556
-6555
-6554
-6552
-6548
-6546
-6541
-6540
-6539
-6538
-6537
-6536
-6533
-6527
-6524
-6523
-6521
-6518
-6516
-6516
-6515
-6514
-6514
-6514
-6513
-6512
-6510
-6504
-6502
-6501
-6497
-6497
-6496
-6495
-6495
-6495
-6494
-6494
-6491
-6491
-6489
-6489
-6487
-6486
-6485
-6479
-6479
-6478
-6478
-6474
-6468
-6467
-6466
-6466
-6458
-6456
-6449
-6449
-6447
-6442
-6440
-6439
-6438
-6438
-6436
-6432
-6431
-6431
-6427
-6427
-6424
-6423
-6422
-6420
-6415
-6415
-6413
-6413
-6412
-6410
-6409
-6409
-6405
-6405
-6404
-6404
-6403
-6403
-6399
-6398
-6397
-6393
-6392
-6389
-6389
-6388
-6383
-6380
-6379
-6379
-6378
-6376
-6369
-6368
-6368
-6364
-6364
-6363
-6362
-6362
-6361
-6360
-6358
-6357
-6356
-6355
-6355
-6351
-6348
-6346
-6344
-6342
-6340
-6339
-6339
-6339
-6337
-6334
-6331
-6329
-6329
-6329
-6329
-6326
-6325
-6324
-6323
-6320
-6316
-6314
-6312
-6311
-6311
-6310
-6310
-6309
-6308
-6307
-6304
-6303
-6302
-6301
-6299
-6297
-6293
-6293
-6292
-6288
-6287
-6286
-6283
-6282
-6280
-6280
-6276
-6275
-6272
-6272
-6271
-6270
-6270
-6268
-6265
-6265
-6261
-6255
-6255
-6249
-6248
-6247
-6245
-6244
-6241
-6238
-6238
-6236
-6236
-6235
-6231
-6230
-6230
-6228
-6221
-6220
-6217
-6215
-6213
-6213
-6211
-6210
-6206
-6206
-6205
-6203
-6202
-6199
-6197
-6193
-6192
-6189
-6187
-6181
-6178
-6177
-6177
-6173
-6171
-6170
-6167
-6165
-6162
-6159
-6159
-6158
-6157
-6155
-6153
-6150
-6147
-6145
-6145
-6138
-6137
-6131
-6126
-6125
-6123
-6118
-6118
-6110
-6108
-6107
-6105
-6105
-6104
-6104
-6103
-6103
-6102
-6101
-6099
-6093
-6093
-6091
-6088
-6088
-6087
-6086
-6086
-6085
-6082
-6081
-6080
-6080
-6079
-6078
-6076
-6073
-6070
-6070
-6069
-6068
-6063
-6062
-6060
-6060
-6056
-6053
-6053
-6052
-6051
-6050
-6046
-6046
-6044
-6041
-6037
-6037
-6035
-6034
-6033
-6031
-6029
-6029
-6020
-6020
-6019
-6015
-6013
-6010
-6007
-6005
-6003
-6001
-5999
-5993
-5992
-5990
-5990
-5988
-5986
-5986
-5982
-5981
-5979
-5976
-5975
-5974
-5974
-5971
-5970
-5968
-5963
-5963
-5962
-5962
-5958
-5955
-5954
-5952
-5952
-5951
-5947
-5946
-5945
-5943
-5940
-5935
-5934
-5930
-5927
-5924
-5923
-5915
-5910
-5910
-5908
-5904
-5903
-5902
-5900
-5900
-5899
-5898
-5897
-5896
-5894
-5893
-5893
-5890
-5889
-5887
-5887
-5884
-5883
-5883
-5880
-5880
-5880
-5877
-5877
-5876
-5876
-5876
-5873
-5872
-5872
-5866
-5865
-5864
-5863
-5862
-5860
-5859
-5858
-5853
-5852
-5848
-5847
-5847
-5846
-5845
-5845
-5842
-5841
-5841
-5841
-5837
-5834
-5831
-5830
-5829
-5826
-5823
-5822
-5822
-5820
-5819
-5818
-5816
-5813
-5813
-5812
-5812
-5811
-5811
-5811
-5806
-5805
-5803
-5799
-5798
-5798
-5794
-5794
-5793
-5792
-5792
-5792
-5788
-5788
-5786
-5784
-5783
-5783
-5777
-5776
-5771
-5771
-5769
-5769
-5769
-5766
-5763
-5761
-5758
-5757
-5753
-5753
-5751
-5750
-5747
-5747
-5746
-5746
-5746
-5742
-5741
-5740
-5740
-5740
-5739
-5738
-5737
-5734
-5729
-5728
-5725
-5724
-5723
-5717
-5714
-5712
-5705
-5704
-5689
-5689
-5681
-5681
-5679
-5679
-5677
-5675
-5675
-5672
-5672
-5670
-5669
-5669
-5668
-5668
-5667
-5665
-5665
-5664
-5660
-5659
-5658
-5657
-5657
-5655
-5654
-5654
-5653
-5650
-5640
-5638
-5635
-5634
-5632
-5628
-5622
-5621
-5620
-5619
-5619
-5618
-5617
-5615
-5615
-5614
-5611
-5610
-5609
-5608
-5606
-5606
-5602
-5600
-5598
-5596
-5594
-5593
-5593
-5593
-5583
-5583
-5583
-5580
-5580
-5579
-5577
-5575
-5572
-5572
-5571
-5567
-5565
-5565
-5564
-5559
-5557
-5554
-5553
-5551
-5550
-5544
-5541
-5535
-5534
-5532
-5528
-5523
-5522
-5521
-5521
-5519
-5518
-5518
-5517
-5515
-5509
-5507
-5506
-5494
-5491
-5490
-5485
-5481
-5480
-5477
-5474
-5472
-5472
-5470
-5468
-5468
-5463
-5463
-5463
-5462
-5461
-5457
-5456
-5454
-5453
-5452
-5452
-5452
-5452
-5451
-5448
-5448
-5446
-5446
-5444
-5443
-5443
-5442
-5438
-5433
-5429
-5427
-5427
-5426
-5424
-5424
-5422
-5421
-5420
-5418
-5415
-5414
-5412
-5403
-5402
-5401
-5401
-5400
-5400
-5400
-5397
-5397
-5396
-5396
-5390
-5386
-5382
-5380
-5380
-5379
-5379
-5376
-5376
-5374
-5374
-5373
-5372
-5370
-5367
-5360
-5360
-5360
-5359
-5358
-5356
-5355
-5349
-5347
-5344
-5343
-5337
-5334
-5332
-5327
-5327
-5326
-5326
-5321
-5321
-5321
-5321
-5320
-5319
-5319
-5318
-5316
-5315
-5313
-5309
-5309
-5308
-5306
-5305
-5305
-5300
-5290
-5289
-5287
-5287
-5287
-5286
-5285
-5284
-5282
-5275
-5273
-5270
-5264
-5263
-5260
-5260
-5259
-5256
-5248
-5247
-5247
-5240
-5234
-5232
-5231
-5230
-5228
-5227
-5225
-5222
-5221
-5221
-5221
-5220
-5217
-5216
-5212
-5211
-5208
-5203
-5201
-5199
-5198
-5189
-5188
-5187
-5185
-5184
-5175
-5174
-5168
-5162
-5162
-5160
-5160
-5160
-5159
-5158
-5154
-5153
-5153
-5152
-5150
-5146
-5142
-5138
-5134
-5132
-5131
-5131
-5131
-5130
-5129
-5123
-5118
-5117
-5116
-5113
-5109
-5105
-5103
-5102
-5100
-5099
-5097
-5096
-5094
-5092
-5091
-5091
-5089
-5089
-5086
-5080
-5074
-5074
-5074
-5073
-5072
-5072
-5072
-5068
-5067
-5066
-5065
-5063
-5062
-5059
-5058
-5058
-5057
-5055
-5054
-5054
-5053
-5052
-5050
-5047
-5046
-5045
-5041
-5036
-5036
-5035
-5035
-5034
-5034
-5034
-5032
-5032
-5030
-5030
-5024
-5021
-5021
-5020
-5018
-5016
-5010
-5008
-5008
-5007
-5006
-5002
-5001
-5000
-4998
-4998
-4997
-4996
-4994
-4993
-4990
-4988
-4984
-4982
-4980
-4978
-4978
-4975
-4974
-4973
-4970
-4968
-4966
-4966
-4964
-4959
-4958
-4958
-4957
-4957
-4956
-4951
-4948
-4948
-4947
-4946
-4943
-4942
-4942
-4941
-4941
-4940
-4936
-4936
-4933
-4931
-4928
-4926
-4920
-4920
-4919
-4918
-4909
-4909
-4908
-4906
-4905
-4903
-4902
-4897
-4897
-4896
-4894
-4894
-4893
-4893
-4888
-4886
-4886
-4885
-4884
-4884
-4880
-4880
-4879
-4878
-4877
-4870
-4869
-4868
-4868
-4867
-4865
-4865
-4865
-4865
-4864
-4861
-4857
-4855
-4855
-4849
-4842
-4841
-4839
-4837
-4837
-4833
-4833
-4833
-4832
-4818
-4811
-4811
-4811
-4810
-4808
-4807
-4806
-4804
-4804
-4804
-4803
-4798
-4798
-4798
-4796
-4793
-4790
-4789
-4788
-4784
-4783
-4783
-4782
-4782
-4777
-4777
-4777
-4775
-4770
-4766
-4762
-4762
-4762
-4759
-4758
-4757
-4755
-4754
-4753
-4752
-4752
-4752
-4751
-4748
-4746
-4742
-4738
-4737
-4737
-4732
-4731
-4729
-4729
-4729
-4727
-4724
-4721
-4720
-4718
-4713
-4713
-4709
-4706
-4704
-4703
-4702
-4700
-4699
-4696
-4695
-4695
-4694
-4692
-4691
-4690
-4689
-4688
-4687
-4687
-4686
-4685
-4683
-4682
-4679
-4678
-4677
-4667
-4666
-4664
-4664
-4662
-4662
-4662
-4660
-4660
-4659
-4658
-4655
-4653
-4646
-4639
-4637
-4636
-4632
-4625
-4623
-4621
-4618
-4618
-4616
-4615
-4611
-4610
-4609
-4609
-4607
-4604
-4602
-4596
-4595
-4594
-4592
-4590
-4590
-4588
-4586
-4584
-4581
-4578
-4577
-4576
-4576
-4576
-4573
-4571
-4567
-4562
-4559
-4556
-4553
-4551
-4551
-4550
-4550
-4550
-4547
-4546
-4541
-4540
-4535
-4534
-4528
-4527
-4523
-4521
-4519
-4519
-4518
-4517
-4513
-4504
-4504
-4502
-4502
-4499
-4495
-4494
-4487
-4484
-4479
-4473
-4471
-4463
-4463
-4462
-4461
-4460
-4460
-4459
-4459
-4459
-4458
-4454
-4452
-4452
-4451
-4447
-4443
-4442
-4439
-4439
-4438
-4438
-4432
-4431
-4429
-4428
-4425
-4422
-4421
-4420
-4419
-4417
-4416
-4416
-4416
-4411
-4410
-4410
-4406
-4405
-4405
-4405
-4404
-4404
-4401
-4400
-4397
-4396
-4390
-4390
-4390
-4388
-4387
-4385
-4384
-4381
-4379
-4379
-4378
-4378
-4374
-4372
-4369
-4367
-4364
-4361
-4361
-4360
-4359
-4356
-4355
-4354
-4352
-4351
-4349
-4348
-4348
-4348
-4347
-4342
-4334
-4334
-4331
-4330
-4329
-4316
-4315
-4313
-4310
-4308
-4304
-4304
-4302
-4299
-4298
-4296
-4296
-4296
-4294
-4292
-4289
-4284
-4283
-4281
-4278
-4277
-4277
-4276
-4276
-4275
-4275
-4274
-4274
-4273
-4270
-4268
-4262
-4254
-4253
-4252
-4252
-4251
-4250
-4250
-4249
-4248
-4248
-4248
-4245
-4244
-4240
-4240
-4240
-4235
-4235
-4230
-4230
-4229
-4227
-4225
-4224
-4224
-4224
-4223
-4223
-4222
-4220
-4214
-4214
-4211
-4211
-4209
-4205
-4205
-4203
-4202
-4201
-4200
-4197
-4196
-4196
-4192
-4190
-4184
-4183
-4180
-4178
-4175
-4173
-4170
-4168
-4168
-4164
-4158
-4155
-4154
-4152
-4151
-4144
-4144
-4141
-4138
-4138
-4137
-4137
-4130
-4128
-4123
-4122
-4121
-4121
-4120
-4115
-4114
-4110
-4108
-4103
-4102
-4101
-4100
-4098
-4098
-4097
-4095
-4086
-4084
-4084
-4082
-4080
-4079
-4079
-4078
-4078
-4073
-4072
-4072
-4070
-4065
-4065
-4063
-4061
-4053
-4046
-4043
-4037
-4036
-4035
-4034
-4031
-4029
-4026
-4025
-4023
-4023
-4015
-4015
-4014
-4014
-4011
-4008
-4007
-4007
-4004
-3999
-3999
-3996
-3992
-3990
-3989
-3988
-3984
-3983
-3982
-3982
-3982
-3977
-3975
-3972
-3970
-3970
-3965
-3965
-3963
-3962
-3960
-3959
-3958
-3954
-3951
-3950
-3950
-3950
-3946
-3944
-3943
-3940
-3938
-3937
-3934
-3930
-3929
-3927
-3923
-3920
-3919
-3919
-3918
-3917
-3917
-3916
-3914
-3911
-3911
-3910
-3905
-3904
-3903
-3903
-3902
-3900
-3899
-3899
-3898
-3898
-3897
-3891
-3890
-3887
-3887
-3887
-3884
-3877
-3875
-3873
-3872
-3871
-3871
-3870
-3868
-3866
-3866
-3864
-3861
-3859
-3858
-3857
-3856
-3856
-3853
-3850
-3848
-3846
-3844
-3844
-3841
-3838
-3837
-3835
-3833
-3830
-3826
-3824
-3818
-3813
-3813
-3811
-3809
-3806
-3806
-3803
-3797
-3797
-3796
-3793
-3785
-3785
-3783
-3783
-3777
-3777
-3777
-3772
-3770
-3770
-3768
-3764
-3764
-3762
-3761
-3756
-3755
-3755
-3754
-3751
-3743
-3742
-3741
-3741
-3741
-3740
-3734
-3732
-3730
-3728
-3726
-3726
-3724
-3724
-3724
-3723
-3723
-3721
-3718
-3718
-3716
-3715
-3708
-3706
-3705
-3704
-3701
-3695
-3695
-3690
-3689
-3689
-3686
-3683
-3678
-3675
-3672
-3671
-3670
-3666
-3663
-3663
-3662
-3661
-3661
-3657
-3655
-3653
-3653
-3651
-3649
-3645
-3640
-3637
-3635
-3634
-3631
-3626
-3626
-3625
-3614
-3613
-3611
-3609
-3608
-3606
-3605
-3605
-3604
-3604
-3603
-3603
-3600
-3600
-3599
-3598
-3595
-3593
-3589
-3588
-3585
-3582
-3580
-3580
-3579
-3579
-3576
-3575
-3570
-3569
-3569
-3567
-3563
-3559
-3558
-3557
-3556
-3556
-3555
-3555
-3554
-3549
-3545
-3545
-3544
-3543
-3535
-3534
-3529
-3523
-3522
-3520
-3518
-3516
-3515
-3511
-3509
-3507
-3505
-3504
-3500
-3500
-3498
-3497
-3495
-3495
-3490
-3490
-3489
-3489
-3486
-3486
-3484
-3484
-3483
-3482
-3481
-3475
-3472
-3464
-3460
-3460
-3458
-3456
-3455
-3454
-3454
-3453
-3449
-3448
-3448
-3447
-3446
-3446
-3445
-3441
-3441
-3440
-3440
-3440
-3437
-3436
-3435
-3434
-3434
-3434
-3434
-3432
-3429
-3426
-3422
-3419
-3419
-3417
-3416
-3415
-3412
-3411
-3411
-3411
-3409
-3408
-3404
-3401
-3401
-3401
-3400
-3398
-3396
-3396
-3394
-3390
-3387
-3385
-3385
-3382
-3381
-3380
-3378
-3371
-3371
-3368
-3366
-3366
-3364
-3363
-3362
-3357
-3353
-3353
-3348
-3347
-3344
-3338
-3336
-3333
-3331
-3330
-3329
-3328
-3327
-3326
-3323
-3322
-3322
-3320
-3318
-3316
-3316
-3315
-3313
-3310
-3307
-3306
-3305
-3303
-3300
-3298
-3296
-3295
-3292
-3285
-3283
-3279
-3278
-3278
-3277
-3276
-3275
-3274
-3273
-3272
-3271
-3265
-3260
-3259
-3257
-3256
-3256
-3255
-3254
-3249
-3246
-3245
-3245
-3243
-3239
-3239
-3238
-3237
-3234
-3234
-3232
-3229
-3228
-3227
-3226
-3225
-3224
-3223
-3219
-3217
-3209
-3208
-3204
-3200
-3194
-3194
-3194
-3192
-3191
-3191
-3190
-3190
-3189
-3185
-3184
-3184
-3180
-3179
-3178
-3177
-3176
-3175
-3175
-3174
-3172
-3168
-3168
-3168
-3166
-3165
-3162
-3161
-3159
-3156
-3156
-3155
-3151
-3151
-3150
-3149
-3148
-3147
-3143
-3143
-3141
-3139
-3138
-3138
-3130
-3127
-3127
-3124
-3122
-3122
-3120
-3119
-3117
-3113
-3112
-3109
-3108
-3104
-3102
-3102
-3101
-3100
-3100
-3099
-3096
-3095
-3094
-3094
-3091
-3090
-3087
-3087
-3086
-3083
-3077
-3077
-3074
-3071
-3069
-3068
-3068
-3066
-3063
-3062
-3060
-3049
-3047
-3046
-3043
-3042
-3042
-3041
-3034
-3033
-3033
-3029
-3028
-3026
-3023
-3021
-3019
-3019
-3019
-3018
-3016
-3016
-3015
-3015
-3014
-3013
-3012
-3011
-3010
-3009
-3004
-3003
-3003
-2999
-2999
-2994
-2993
-2992
-2989
-2981
-2981
-2980
-2975
-2973
-2971
-2971
-2969
-2966
-2966
-2964
-2963
-2962
-2960
-2956
-2955
-2954
-2952
-2950
-2948
-2946
-2945
-2942
-2939
-2939
-2939
-2938
-2937
-2936
-2930
-2928
-2927
-2924
-2922
-2919
-2910
-2910
-2908
-2906
-2906
-2905
-2899
-2897
-2894
-2893
-2893
-2890
-2885
-2883
-2882
-2882
-2880
-2877
-2876
-2873
-2872
-2872
-2871
-2870
-2870
-2861
-2860
-2859
-2858
-2857
-2851
-2849
-2845
-2843
-2842
-2840
-2840
-2838
-2837
-2837
-2836
-2836
-2836
-2835
-2835
-2828
-2827
-2825
-2824
-2823
-2821
-2820
-2818
-2817
-2816
-2815
-2813
-2811
-2809
-2803
-2800
-2798
-2797
-2797
-2796
-2795
-2793
-2792
-2792
-2791
-2789
-2784
-2783
-2783
-2780
-2780
-2772
-2771
-2768
-2768
-2764
-2763
-2756
-2756
-2754
-2754
-2752
-2752
-2751
-2748
-2748
-2747
-2746
-2745
-2743
-2737
-2735
-2735
-2734
-2730
-2728
-2725
-2724
-2722
-2721
-2721
-2721
-2721
-2718
-2717
-2715
-2714
-2713
-2711
-2705
-2699
-2697
-2694
-2686
-2685
-2683
-2683
-2682
-2677
-2673
-2669
-2665
-2665
-2661
-2655
-2655
-2651
-2650
-2645
-2644
-2643
-2638
-2637
-2634
-2633
-2629
-2629
-2626
-2626
-2625
-2623
-2622
-2620
-2619
-2618
-2617
-2616
-2613
-2612
-2609
-2607
-2607
-2606
-2602
-2599
-2598
-2596
-2594
-2593
-2591
-2589
-2589
-2587
-2587
-2584
-2578
-2578
-2573
-2572
-2570
-2570
-2567
-2566
-2564
-2564
-2562
-2560
-2559
-2555
-2553
-2553
-2553
-2550
-2548
-2545
-2542
-2542
-2540
-2538
-2536
-2536
-2536
-2535
-2531
-2530
-2530
-2530
-2528
-2525
-2522
-2516
-2514
-2513
-2511
-2510
-2509
-2509
-2504
-2500
-2498
-2494
-2493
-2492
-2492
-2491
-2490
-2488
-2482
-2481
-2477
-2476
-2476
-2475
-2474
-2473
-2472
-2465
-2464
-2462
-2461
-2460
-2460
-2453
-2452
-2451
-2446
-2445
-2444
-2443
-2443
-2440
-2439
-2438
-2438
-2432
-2431
-2425
-2424
-2424
-2422
-2419
-2419
-2419
-2418
-2416
-2416
-2413
-2411
-2410
-2405
-2403
-2402
-2401
-2399
-2396
-2395
-2392
-2391
-2388
-2384
-2380
-2378
-2375
-2374
-2371
-2365
-2362
-2362
-2360
-2355
-2351
-2349
-2348
-2347
-2339
-2339
-2338
-2334
-2334
-2331
-2328
-2325
-2325
-2322
-2322
-2318
-2315
-2315
-2314
-2312
-2311
-2310
-2310
-2308
-2307
-2306
-2302
-2302
-2302
-2300
-2299
-2295
-2293
-2293
-2291
-2291
-2290
-2288
-2288
-2285
-2280
-2279
-2279
-2278
-2276
-2274
-2274
-2273
-2270
-2268
-2263
-2253
-2252
-2250
-2245
-2243
-2239
-2237
-2236
-2235
-2234
-2234
-2233
-2227
-2224
-2224
-2222
-2220
-2218
-2218
-2212
-2211
-2210
-2210
-2208
-2205
-2204
-2199
-2197
-2193
-2192
-2191
-2189
-2188
-2181
-2179
-2178
-2176
-2175
-2174
-2173
-2173
-2170
-2169
-2168
-2167
-2165
-2165
-2159
-2158
-2156
-2155
-2153
-2153
-2150
-2149
-2148
-2148
-2145
-2143
-2139
-2139
-2138
-2135
-2135
-2132
-2129
-2129
-2126
-2124
-2122
-2121
-2117
-2117
-2117
-2115
-2114
-2112
-2111
-2111
-2110
-2109
-2108
-2104
-2097
-2096
-2095
-2092
-2091
-2085
-2085
-2085
-2079
-2078
-2077
-2076
-2075
-2072
-2070
-2069
-2069
-2068
-2067
-2062
-2062
-2052
-2049
-2047
-2046
-2044
-2043
-2042
-2039
-2035
-2032
-2031
-2029
-2027
-2018
-2018
-2012
-2012
-2011
-2011
-2010
-2009
-2008
-2007
-2004
-1999
-1995
-1991
-1991
-1988
-1984
-1983
-1981
-1980
-1980
-1977
-1976
-1971
-1969
-1963
-1959
-1958
-1957
-1953
-1952
-1950
-1947
-1945
-1945
-1945
-1945
-1943
-1943
-1942
-1940
-1936
-1926
-1925
-1922
-1921
-1919
-1918
-1917
-1917
-1915
-1914
-1912
-1906
-1905
-1904
-1902
-1898
-1896
-1896
-1894
-1893
-1893
-1891
-1891
-1888
-1881
-1878
-1875
-1873
-1870
-1865
-1865
-1864
-1863
-1862
-1860
-1857
-1856
-1852
-1851
-1849
-1846
-1844
-1844
-1843
-1842
-1841
-1841
-1839
-1839
-1838
-1833
-1832
-1832
-1832
-1830
-1830
-1825
-1824
-1823
-1818
-1814
-1814
-1810
-1810
-1810
-1809
-1806
-1804
-1794
-1791
-1790
-1785
-1784
-1779
-1773
-1772
-1771
-1771
-1769
-1767
-1763
-1760
-1760
-1760
-1759
-1758
-1757
-1755
-1753
-1753
-1745
-1745
-1743
-1742
-1742
-1740
-1740
-1737
-1737
-1732
-1731
-1729
-1729
-1727
-1726
-1726
-1723
-1723
-1720
-1717
-1717
-1716
-1715
-1714
-1711
-1709
-1707
-1707
-1706
-1705
-1705
-1704
-1699
-1686
-1686
-1682
-1681
-1670
-1670
-1669
-1667
-1667
-1666
-1663
-1662
-1661
-1659
-1655
-1654
-1654
-1652
-1651
-1651
-1649
-1645
-1645
-1642
-1641
-1640
-1639
-1638
-1635
-1635
-1634
-1630
-1630
-1629
-1629
-1628
-1628
-1628
-1625
-1624
-1622
-1619
-1614
-1610
-1610
-1606
-1605
-1603
-1603
-1602
-1601
-1599
-1596
-1591
-1586
-1586
-1585
-1584
-1583
-1581
-1573
-1571
-1571
-1563
-1562
-1558
-1553
-1550
-1548
-1546
-1539
-1539
-1537
-1536
-1531
-1531
-1530
-1528
-1528
-1526
-1523
-1522
-1519
-1514
-1513
-1511
-1509
-1508
-1507
-1505
-1501
-1498
-1497
-1496
-1486
-1484
-1484
-1483
-1479
-1475
-1470
-1469
-1463
-1459
-1458
-1455
-1455
-1453
-1453
-1450
-1448
-1448
-1446
-1441
-1437
-1430
-1425
-1420
-1420
-1420
-1418
-1417
-1414
-1412
-1411
-1406
-1399
-1399
-1393
-1391
-1390
-1377
-1375
-1374
-1370
-1366
-1365
-1363
-1363
-1361
-1360
-1358
-1354
-1350
-1350
-1350
-1349
-1347
-1346
-1346
-1346
-1345
-1343
-1341
-1340
-1339
-1337
-1337
-1334
-1332
-1332
-1327
-1326
-1312
-1311
-1309
-1308
-1307
-1304
-1304
-1303
-1301
-1300
-1297
-1296
-1296
-1292
-1292
-1290
-1288
-1285
-1282
-1281
-1275
-1272
-1271
-1267
-1266
-1263
-1263
-1261
-1261
-1260
-1259
-1255
-1253
-1253
-1252
-1252
-1250
-1247
-1247
-1242
-1236
-1234
-1234
-1234
-1230
-1229
-1227
-1224
-1222
-1221
-1220
-1218
-1218
-1217
-1217
-1213
-1209
-1202
-1202
-1199
-1197
-1193
-1191
-1186
-1183
-1182
-1168
-1168
-1167
-1166
-1163
-1162
-1156
-1153
-1150
-1150
-1149
-1147
-1146
-1145
-1145
-1144
-1140
-1138
-1134
-1134
-1133
-1132
-1127
-1127
-1127
-1125
-1124
-1121
-1116
-1114
-1113
-1112
-1107
-1107
-1104
-1101
-1099
-1098
-1096
-1094
-1093
-1092
-1088
-1084
-1084
-1078
-1077
-1077
-1076
-1068
-1067
-1067
-1065
-1063
-1061
-1060
-1059
-1055
-1053
-1047
-1042
-1041
-1037
-1036
-1035
-1033
-1032
-1032
-1030
-1026
-1025
-1024
-1024
-1020
-1020
-1016
-1013
-1013
-1010
-1010
-1009
-1002
-997
-992
-990
-986
-984
-984
-980
-972
-971
-969
-967
-965
-961
-961
-961
-958
-955
-954
-953
-951
-949
-948
-948
-947
-942
-942
-934
-934
-933
-923
-922
-912
-911
-911
-911
-909
-907
-906
-903
-902
-899
-898
-896
-889
-889
-887
-879
-878
-873
-873
-869
-864
-860
-857
-841
-835
-833
-831
-831
-827
-825
-825
-825
-824
-819
-806
-805
-804
-803
-800
-799
-798
-787
-783
-778
-778
-776
-775
-773
-772
-772
-771
-769
-765
-765
-758
-757
-755
-753
-751
-750
-750
-749
-748
-747
-746
-738
-736
-736
-735
-734
-728
-725
-722
-720
-720
-719
-718
-717
-712
-711
-710
-706
-704
-700
-699
-699
-697
-697
-696
-696
-696
-696
-692
-691
-690
-689
-689
-687
-687
-687
-684
-682
-682
-680
-678
-670
-670
-664
-664
-663
-661
-661
-660
-659
-656
-653
-650
-643
-642
-640
-639
-636
-635
-633
-633
-632
-630
-629
-623
-623
-621
-621
-619
-615
-614
-609
-606
-602
-598
-596
-595
-594
-594
-593
-582
-581
-578
-576
-576
-575
-573
-573
-571
-568
-563
-557
-554
-550
-549
-549
-548
-545
-544
-543
-543
-542
-536
-535
-531
-529
-529
-528
-527
-520
-518
-517
-516
-515
-513
-511
-511
-503
-502
-500
-500
-496
-495
-494
-489
-486
-482
-478
-478
-473
-470
-470
-470
-466
-465
-465
-463
-462
-458
-458
-457
-456
-456
-456
-455
-454
-451
-449
-441
-440
-438
-437
-437
-433
-424
-423
-423
-421
-414
-411
-410
-406
-401
-395
-394
-393
-393
-392
-391
-385
-384
-379
-379
-378
-376
-376
-371
-371
-368
-368
-362
-361
-361
-358
-357
-357
-353
-353
-348
-343
-340
-339
-333
-329
-328
-327
-326
-326
-323
-322
-317
-314
-312
-311
-311
-309
-305
-304
-303
-297
-296
-294
-293
-292
-287
-287
-286
-282
-280
-276
-276
-275
-271
-271
-269
-266
-263
-262
-262
-260
-258
-257
-257
-254
-253
-253
-249
-247
-246
-246
-243
-237
-237
-233
-232
-231
-231
-230
-229
-228
-228
-226
-225
-225
-217
-216
-215
-214
-214
-211
-205
-204
-203
-199
-195
-193
-190
-188
-187
-183
-182
-175
-168
-167
-166
-166
-164
-161
-161
-161
-160
-159
-158
-154
-152
-151
-150
-138
-137
-130
-127
-126
-124
-123
-122
-121
-121
-120
-119
-117
-116
-115
-113
-112
-108
-108
-104
-101
-101
-99
-99
-98
-93
-90
-90
-89
-86
-84
-83
-82
-78
-78
-76
-74
-72
-71
-68
-67
-64
-64
-57
-57
-52
-52
-50
-50
-49
-48
-47
-46
-38
-36
-34
-33
-32
-30
-24
-23
-22
-18
-16
-15
-13
-10
-7
-3
-1
4
5
5
10
13
19
20
21
24
28
28
31
35
36
37
37
39
41
41
43
43
43
45
47
48
50
50
50
52
53
59
60
63
65
74
79
85
86
87
87
90
91
94
94
99
102
106
106
113
117
117
121
121
123
125
126
127
130
131
133
135
137
138
141
146
153
154
156
158
160
161
163
166
170
170
172
174
180
182
183
187
188
189
190
191
193
196
197
205
208
210
210
211
212
212
214
214
215
221
223
224
228
230
231
232
232
233
233
239
243
244
245
246
248
249
254
255
256
256
258
259
261
264
265
265
269
270
272
272
273
282
283
284
284
285
288
289
291
292
294
295
295
297
299
300
302
307
311
315
317
319
320
322
325
329
334
334
335
342
347
349
349
350
353
359
361
362
368
370
375
377
378
378
379
380
384
385
388
390
391
392
392
394
396
397
402
403
404
407
411
411
413
422
423
428
428
430
431
433
436
438
443
444
445
445
445
447
447
450
452
453
456
457
458
459
460
460
461
463
465
466
471
474
475
475
476
477
481
485
488
488
488
489
491
493
493
498
499
502
504
507
508
512
514
514
514
515
516
518
518
518
524
526
530
531
532
536
537
537
538
539
541
541
541
543
544
545
549
552
562
569
571
572
576
576
577
580
585
586
586
587
591
592
597
603
604
607
608
608
611
612
622
627
628
629
639
641
646
650
652
655
660
661
662
671
671
673
673
675
675
677
678
680
682
683
688
688
694
698
700
706
708
709
709
714
720
729
729
730
731
734
735
737
744
752
753
754
759
762
766
766
769
770
770
771
771
774
777
780
783
784
790
792
792
793
804
808
811
812
813
822
825
827
827
827
832
833
836
837
837
839
843
845
845
846
846
849
851
852
852
853
858
859
861
863
865
866
867
878
879
879
884
884
884
884
888
891
891
892
896
905
906
907
910
913
915
926
926
927
928
931
931
931
932
932
933
936
937
938
939
942
942
947
951
954
956
956
957
957
958
960
964
966
967
975
977
977
978
980
982
983
984
987
988
990
992
998
999
999
1000
1001
1003
1005
1007
1008
1011
1014
1020
1024
1027
1027
1028
1029
1030
1033
1039
1039
1040
1044
1047
1051
1053
1053
1055
1056
1056
1058
1063
1063
1065
1065
1066
1068
1069
1069
1069
1070
1072
1072
1073
1073
1079
1081
1088
1089
1093
1094
1097
1098
1098
1100
1101
1110
1110
1110
1112
1112
1113
1114
1116
1117
1119
1122
1123
1125
1133
1137
1144
1145
1145
1151
1151
1152
1156
1157
1159
1160
1160
1160
1163
1164
1165
1170
1175
1177
1178
1178
1180
1180
1182
1184
1185
1186
1188
1191
1193
1193
1193
1197
1204
1205
1208
1211
1213
1214
1217
1218
1220
1221
1223
1223
1224
1233
1234
1235
1235
1240
1241
1256
1258
1260
1262
1263
1265
1267
1268
1272
1274
1274
1278
1280
1280
1284
1286
1288
1293
1294
1296
1296
1298
1298
1301
1301
1303
1304
1308
1311
1315
1320
1321
1325
1325
1336
1337
1340
1341
1342
1345
1349
1353
1357
1361
1364
1366
1367
1367
1369
1369
1369
1370
1370
1370
1372
1372
1375
1376
1380
1385
1385
1388
1391
1393
1397
1403
1404
1409
1410
1411
1411
1415
1415
1415
1418
1420
1422
1423
1423
1423
1424
1426
1428
1434
1443
1444
1445
1446
1448
1449
1451
1454
1455
1456
1458
1459
1460
1462
1465
1468
1469
1470
1474
1476
1477
1483
1483
1485
1487
1489
1489
1491
1493
1494
1495
1497
1497
1497
1497
1498
1498
1500
1504
1504
1504
1504
1505
1506
1506
1512
1513
1514
1516
1517
1520
1520
1522
1523
1525
1526
1527
1529
1533
1537
1540
1544
1545
1545
1547
1548
1548
1550
1550
1561
1562
1564
1564
1569
1569
1571
1571
1572
1576
1576
1576
1580
1580
1581
1581
1582
1582
1584
1585
1589
1595
1596
1597
1598
1603
1606
1607
1608
1608
1613
1615
1615
1615
1619
1620
1634
1634
1635
1643
1645
1647
1649
1650
1652
1653
1654
1654
1655
1656
1657
1661
1662
1664
1667
1670
1675
1677
1680
1682
1689
1693
1697
1698
1699
1700
1702
1703
1705
1706
1707
1712
1719
1721
1728
1730
1731
1732
1734
1735
1735
1736
1739
1740
1740
1741
1743
1745
1746
1748
1749
1752
1753
1754
1756
1759
1762
1762
1767
1773
1775
1777
1778
1781
1781
1782
1785
1786
1786
1791
1796
1804
1804
1808
1811
1811
1811
1811
1816
1818
1818
1819
1822
1824
1826
1829
1834
1837
1838
1841
1842
1842
1846
1852
1853
1856
1859
1860
1861
1864
1865
1865
1865
1869
1869
1875
1880
1883
1884
1888
1888
1890
1890
1893
1894
1895
1898
1899
1901
1903
1903
1906
1908
1919
1922
1923
1925
1927
1928
1930
1931
1932
1933
1935
1935
1938
1940
1941
1941
1942
1943
1945
1945
1946
1947
1948
1949
1951
1952
1954
1955
1956
1961
1964
1969
1969
1972
1972
1974
1975
1977
1978
1981
1983
1983
1984
1985
1988
1991
1996
2001
2004
2006
2006
2008
2010
2011
2011
2014
2014
2017
2019
2021
2023
2026
2031
2033
2036
2038
2041
2042
2045
2046
2047
2054
2055
2057
2059
2060
2063
2063
2063
2065
2065
2067
2069
2074
2079
2083
2086
2087
2087
2090
2090
2092
2094
2094
2097
2100
2101
2102
2102
2105
2105
2110
2111
2111
2113
2113
2117
2118
2118
2120
2125
2130
2130
2134
2134
2134
2136
2137
2138
2139
2140
2143
2143
2144
2144
2145
2146
2151
2151
2156
2157
2157
2158
2159
2162
2166
2170
2171
2172
2175
2176
2179
2184
2186
2187
2188
2190
2190
2195
2197
2198
2198
2203
2204
2206
2207
2209
2212
2212
2214
2215
2217
2218
2224
2224
2224
2225
2225
2228
2235
2236
2237
2238
2240
2243
2243
2246
2246
2247
2247
2247
2260
2260
2261
2261
2265
2271
2273
2273
2274
2275
2276
2280
2281
2283
2288
2290
2293
2294
2295
2295
2299
2300
2301
2304
2308
2314
2314
2316
2319
2320
2331
2334
2336
2338
2339
2340
2342
2345
2345
2346
2346
2346
2347
2348
2353
2356
2359
2361
2368
2368
2371
2373
2376
2378
2381
2385
2388
2391
2391
2391
2399
2401
2401
2402
2413
2414
2414
2415
2416
2417
2421
2421
2421
2422
2422
2423
2425
2426
2427
2431
2436
2437
2440
2440
2443
2443
2449
2449
2450
2457
2459
2460
2461
2461
2467
2467
2470
2474
2475
2475
2476
2476
2476
2478
2481
2481
2487
2487
2488
2488
2490
2493
2493
2494
2495
2495
2495
2495
2496
2498
2500
2503
2504
2504
2505
2511
2512
2512
2513
2513
2516
2518
2521
2522
2528
2530
2534
2535
2539
2542
2542
2544
2545
2549
2549
2550
2551
2552
2552
2553
2556
2563
2563
2563
2565
2565
2566
2568
2569
2570
2573
2574
2578
2579
2582
2582
2583
2584
2589
2590
2591
2592
2593
2595
2596
2597
2597
2598
2599
2600
2601
2604
2605
2610
2611
2611
2613
2614
2615
2616
2617
2617
2623
2623
2623
2625
2628
2631
2632
2638
2640
2643
2645
2649
2650
2651
2652
2653
2654
2657
2658
2660
2663
2664
2665
2665
2666
2666
2672
2676
2677
2680
2681
2681
2682
2683
2683
2689
2689
2691
2691
2692
2694
2696
2697
2697
2698
2699
2700
2700
2701
2702
2706
2707
2708
2709
2712
2714
2720
2721
2729
2729
2729
2731
2733
2733
2739
2740
2740
2745
2746
2749
2756
2758
2760
2764
2764
2770
2773
2780
2780
2781
2781
2783
2786
2787
2789
2790
2792
2794
2795
2799
2802
2804
2807
2807
2808
2809
2810
2810
2810
2811
2812
2814
2815
2815
2816
2816
2818
2824
2825
2830
2835
2838
2847
2848
2849
2850
2851
2852
2853
2862
2866
2869
2873
2873
2875
2876
2877
2878
2880
2880
2881
2882
2882
2884
2885
2886
2890
2892
2892
2894
2896
2896
2898
2899
2904
2908
2909
2909
2911
2919
2920
2922
2925
2926
2933
2935
2937
2938
2940
2941
2941
2941
2942
2942
2946
2946
2946
2948
2948
2948
2949
2949
2951
2953
2954
2956
2957
2959
2960
2961
2962
2963
2965
2967
2972
2977
2977
2978
2979
2981
2985
2991
2991
2995
3002
3003
3004
3004
3009
3012
3012
3013
3015
3016
3022
3024
3027
3029
3029
3030
3032
3032
3037
3040
3041
3050
3051
3054
3056
3061
3064
3065
3066
3069
3071
3072
3072
3074
3076
3085
3087
3090
3090
3092
3093
3095
3099
3102
3102
3111
3111
3112
3117
3118
3118
3119
3120
3122
3125
3131
3131
3132
3136
3139
3141
3141
3143
3143
3147
3147
3148
3154
3154
3154
3158
3160
3162
3162
3163
3164
3164
3166
3170
3170
3175
3177
3178
3178
3179
3180
3183
3187
3187
3187
3190
3192
3192
3193
3193
3194
3204
3205
3209
3210
3210
3211
3217
3217
3229
3233
3236
3237
3238
3238
3239
3240
3241
3245
3247
3247
3248
3249
3250
3252
3252
3254
3255
3257
3258
3259
3259
3262
3264
3267
3270
3272
3272
3275
3276
3282
3284
3285
3285
3293
3294
3294
3297
3298
3298
3299
3303
3304
3307
3309
3314
3319
3320
3323
3323
3325
3326
3327
3329
3330
3337
3338
3347
3349
3351
3351
3358
3359
3364
3365
3366
3367
3368
3371
3371
3372
3372
3373
3373
3374
3374
3375
3377
3377
3377
3380
3380
3382
3385
3385
3389
3390
3392
3396
3400
3402
3403
3405
3407
3407
3410
3410
3414
3416
3424
3426
3426
3429
3430
3433
3434
3437
3437
3441
3441
3442
3443
3445
3447
3450
3450
3451
3451
3455
3455
3456
3457
3458
3458
3459
3464
3465
3466
3466
3468
3469
3478
3478
3486
3490
3490
3493
3495
3498
3499
3500
3503
3504
3505
3505
3508
3510
3511
3513
3515
3517
3518
3520
3524
3527
3527
3530
3534
3536
3538
3538
3539
3540
3541
3541
3542
3546
3547
3548
3549
3551
3552
3552
3553
3555
3559
3561
3561
3562
3563
3573
3574
3575
3578
3580
3580
3580
3583
3586
3587
3590
3591
3593
3602
3603
3604
3604
3604
3611
3612
3616
3621
3622
3622
3625
3627
3629
3630
3631
3634
3638
3640
3642
3643
3644
3644
3645
3647
3648
3648
3649
3650
3651
3657
3661
3662
3664
3664
3667
3669
3669
3671
3671
3672
3673
3676
3676
3678
3681
3684
3691
3697
3698
3700
3704
3705
3705
3712
3715
3715
3716
3719
3724
3728
3730
3731
3734
3735
3738
3741
3742
3744
3750
3752
3753
3753
3760
3761
3762
3765
3767
3770
3770
3771
3772
3775
3777
3779
3782
3783
3786
3788
3789
3790
3792
3794
3795
3798
3800
3801
3802
3802
3802
3813
3814
3815
3817
3818
3821
3823
3823
3824
3829
3830
3833
3836
3839
3839
3846
3847
3847
3849
3852
3856
3856
3856
3857
3858
3858
3858
3859
3862
3863
3866
3867
3868
3873
3878
3881
3883
3884
3885
3886
3887
3888
3891
3892
3892
3896
3903
3905
3905
3908
3909
3911
3911
3911
3912
3913
3914
3914
3918
3928
3930
3931
3931
3935
3941
3941
3943
3945
3947
3947
3952
3959
3959
3966
3967
3969
3970
3974
3974
3975
3976
3976
3976
3976
3978
3978
3978
3980
3980
3981
3988
3989
3990
3995
3997
3997
3998
3999
4002
4008
4013
4015
4016
4018
4020
4020
4021
4025
4026
4026
4026
4028
4029
4032
4036
4037
4037
4038
4043
4044
4048
4049
4053
4061
4061
4062
4062
4064
4064
4067
4071
4071
4074
4074
4078
4079
4081
4086
4090
4092
4094
4100
4104
4107
4109
4114
4119
4119
4120
4120
4129
4129
4129
4130
4130
4131
4131
4135
4135
4135
4138
4140
4144
4145
4149
4155
4156
4156
4157
4157
4158
4158
4161
4163
4164
4167
4167
4168
4171
4176
4176
4177
4178
4179
4180
4184
4185
4190
4191
4196
4203
4205
4205
4206
4207
4208
4208
4210
4212
4213
4217
4217
4220
4223
4224
4225
4225
4226
4233
4234
4237
4240
4241
4245
4246
4247
4247
4250
4252
4253
4255
4258
4258
4263
4270
4273
4274
4278
4278
4278
4279
4279
4280
4285
4286
4287
4292
4296
4299
4301
4306
4307
4312
4316
4317
4321
4324
4326
4327
4328
4332
4340
4342
4344
4345
4346
4346
4346
4349
4350
4354
4357
4358
4364
4365
4365
4367
4368
4369
4371
4372
4373
4378
4380
4380
4383
4386
4387
4390
4392
4394
4395
4400
4400
4405
4406
4407
4410
4410
4411
4412
4413
4417
4420
4420
4420
4422
4423
4424
4424
4426
4427
4427
4429
4430
4431
4432
4436
4441
4441
4441
4446
4446
4447
4450
4451
4451
4452
4452
4452
4453
4453
4455
4455
4455
4456
4466
4468
4471
4472
4476
4479
4479
4480
4480
4483
4489
4490
4493
4496
4497
4499
4500
4500
4502
4503
4504
4504
4506
4507
4509
4510
4514
4519
4519
4520
4524
4525
4525
4528
4530
4532
4532
4532
4532
4532
4534
4536
4536
4538
4539
4539
4541
4542
4546
4550
4552
4557
4557
4562
4564
4567
4573
4575
4575
4577
4578
4579
4580
4584
4587
4588
4588
4589
4590
4594
4594
4596
4601
4605
4610
4610
4613
4615
4615
4617
4617
4620
4621
4622
4622
4623
4624
4625
4627
4629
4632
4634
4636
4636
4636
4637
4641
4644
4645
4646
4649
4652
4654
4656
4657
4659
4660
4662
4663
4664
4668
4673
4675
4676
4676
4677
4683
4687
4689
4689
4690
4691
4695
4695
4698
4705
4706
4706
4710
4711
4713
4714
4715
4718
4720
4722
4724
4725
4726
4727
4727
4727
4728
4729
4730
4731
4732
4734
4736
4737
4737
4738
4739
4740
4740
4741
4742
4744
4746
4750
4750
4750
4754
4754
4759
4761
4766
4767
4768
4769
4770
4771
4771
4772
4775
4775
4776
4776
4778
4781
4782
4784
4786
4787
4787
4788
4790
4794
4802
4804
4805
4806
4807
4808
4808
4811
4811
4813
4815
4822
4825
4825
4825
4827
4830
4831
4834
4838
4838
4839
4839
4842
4851
4851
4853
4860
4860
4861
4864
4866
4868
4869
4869
4870
4871
4875
4877
4879
4881
4884
4888
4888
4889
4889
4892
4892
4894
4896
4897
4906
4910
4911
4912
4913
4914
4914
4916
4917
4920
4926
4932
4932
4935
4937
4937
4937
4941
4941
4942
4944
4951
4953
4957
4958
4961
4964
4966
4967
4967
4968
4971
4975
4975
4976
4977
4980
4982
4987
4992
4998
5002
5005
5006
5006
5007
5008
5011
5012
5012
5015
5017
5017
5017
5018
5021
5021
5029
5033
5034
5034
5034
5035
5036
5037
5038
5039
5040
5042
5042
5042
5043
5043
5045
5051
5051
5052
5052
5056
5056
5061
5065
5069
5069
5069
5075
5077
5078
5083
5086
5087
5088
5094
5095
5095
5099
5100
5101
5102
5106
5108
5109
5109
5110
5112
5114
5117
5120
5124
5125
5125
5127
5127
5130
5131
5131
5132
5132
5133
5137
5140
5141
5145
5153
5154
5154
5154
5154
5156
5158
5159
5161
5162
5164
5168
5174
5178
5180
5182
5184
5184
5190
5191
5194
5196
5197
5198
5199
5199
5200
5203
5203
5204
5204
5208
5208
5209
5212
5213
5214
5215
5216
5222
5223
5224
5225
5226
5227
5230
5231
5232
5232
5240
5241
5242
5244
5248
5254
5254
5255
5255
5261
5265
5265
5265
5266
5266
5268
5271
5274
5274
5279
5280
5281
5283
5284
5287
5290
5291
5296
5298
5300
5301
5302
5303
5305
5307
5307
5308
5310
5313
5314
5319
5322
5323
5330
5331
5332
5332
5336
5337
5345
5348
5354
5355
5357
5358
5358
5360
5367
5368
5369
5369
5373
5376
5378
5381
5381
5385
5388
5390
5391
5394
5395
5396
5398
5399
5400
5400
5401
5403
5405
5405
5406
5408
5411
5411
5412
5412
5412
5414
5415
5416
5418
5423
5424
5427
5428
5439
5440
5444
5446
5447
5450
5451
5452
5456
5459
5466
5466
5469
5473
5474
5476
5477
5480
5480
5483
5485
5486
5491
5496
5496
5498
5498
5499
5500
5501
5501
5501
5502
5502
5503
5505
5505
5506
5506
5506
5507
5513
5514
5515
5518
5526
5526
5527
5529
5530
5531
5532
5532
5534
5536
5541
5542
5542
5543
5546
5549
5552
5553
5562
5563
5565
5566
5569
5570
5570
5571
5572
5574
5574
5577
5577
5580
5583
5583
5589
5590
5593
5595
5601
5602
5603
5604
5606
5606
5607
5610
5611
5614
5617
5618
5624
5625
5633
5633
5636
5637
5637
5638
5644
5650
5650
5651
5654
5657
5661
5663
5666
5666
5668
5668
5672
5673
5674
5676
5677
5677
5678
5679
5679
5680
5681
5686
5686
5687
5687
5687
5689
5690
5691
5700
5702
5705
5710
5711
5711
5712
5712
5712
5713
5716
5717
5718
5719
5723
5725
5725
5726
5734
5734
5739
5740
5743
5748
5750
5750
5751
5752
5753
5758
5760
5762
5766
5769
5771
5774
5774
5776
5776
5780
5783
5788
5788
5790
5793
5794
5795
5796
5797
5800
5802
5804
5805
5806
5807
5807
5807
5809
5817
5823
5828
5829
5830
5834
5834
5837
5839
5839
5839
5843
5844
5846
5858
5867
5869
5869
5871
5880
5882
5884
5886
5887
5891
5892
5893
5896
5896
5897
5897
5900
5904
5904
5912
5916
5925
5926
5926
5928
5928
5929
5930
5934
5935
5935
5938
5942
5942
5943
5943
5944
5945
5946
5947
5950
5950
5951
5953
5955
5958
5959
5960
5966
5966
5967
5969
5972
5975
5977
5979
5980
5980
5985
5987
5988
5989
5989
5992
5992
5994
5994
5995
5998
6002
6002
6008
6009
6009
6011
6013
6013
6016
6017
6018
6020
6020
6025
6032
6036
6037
6037
6040
6043
6044
6044
6046
6046
6048
6050
6051
6054
6057
6059
6059
6067
6068
6069
6070
6070
6072
6073
6074
6075
6079
6080
6082
6082
6085
6087
6088
6092
6093
6093
6093
6098
6105
6107
6110
6110
6113
6114
6116
6119
6123
6124
6124
6125
6129
6133
6138
6138
6138
6140
6141
6141
6148
6153
6163
6164
6164
6173
6174
6174
6177
6179
6186
6191
6191
6195
6195
6196
6196
6197
6199
6201
6202
6202
6203
6210
6212
6213
6214
6214
6217
6218
6219
6219
6221
6225
6225
6226
6227
6227
6228
6230
6231
6231
6233
6233
6234
6236
6246
6248
6248
6249
6249
6252
6255
6258
6260
6262
6265
6266
6267
6269
6269
6270
6271
6271
6272
6272
6273
6273
6278
6278
6278
6281
6281
6288
6291
6292
6293
6294
6294
6299
6303
6305
6305
6307
6308
6311
6311
6312
6313
6313
6314
6314
6315
6316
6318
6318
6319
6320
6320
6321
6322
6329
6330
6332
6336
6336
6338
6340
6341
6345
6350
6350
6350
6353
6357
6361
6369
6370
6373
6379
6380
6381
6383
6384
6387
6388
6388
6388
6392
6393
6395
6395
6396
6399
6401
6401
6403
6404
6405
6406
6409
6411
6413
6414
6420
6420
6420
6421
6424
6424
6425
6426
6429
6435
6436
6438
6438
6440
6441
6442
6442
6442
6446
6450
6454
6454
6455
6455
6455
6458
6460
6464
6464
6465
6466
6467
6470
6475
6476
6478
6485
6485
6485
6488
6488
6494
6494
6495
6495
6496
6497
6498
6498
6498
6499
6499
6501
6508
6511
6511
6512
6513
6514
6515
6515
6516
6520
6524
6524
6525
6526
6529
6530
6530
6531
6533
6533
6534
6537
6540
6540
6542
6542
6546
6546
6547
6548
6551
6551
6552
6552
6555
6556
6557
6558
6560
6562
6563
6565
6566
6569
6574
6580
6581
6582
6584
6584
6584
6587
6590
6591
6598
6598
6599
6601
6602
6611
6612
6622
6623
6627
6629
6630
6631
6632
6636
6639
6640
6643
6644
6646
6652
6652
6654
6659
6666
6668
6670
6674
6677
6679
6682
6683
6683
6684
6686
6687
6690
6691
6691
6692
6693
6695
6698
6699
6701
6702
6705
6707
6713
6718
6720
6724
6724
6727
6730
6731
6731
6733
6734
6739
6739
6744
6745
6747
6747
6749
6749
6752
6752
6753
6754
6756
6759
6762
6765
6770
6770
6772
6779
6782
6783
6784
6786
6788
6790
6794
6794
6796
6797
6798
6798
6799
6801
6801
6802
6807
6807
6807
6810
6811
6812
6813
6814
6815
6816
6821
6822
6827
6827
6832
6834
6834
6839
6842
6846
6849
6849
6852
6852
6854
6856
6860
6861
6864
6865
6873
6876
6878
6879
6879
6879
6881
6884
6886
6886
6888
6888
6892
6899
6899
6899
6900
6900
6902
6902
6902
6903
6907
6912
6912
6914
6916
6918
6921
6921
6929
6930
6932
6933
6934
6934
6936
6939
6942
6942
6943
6944
6945
6946
6949
6950
6954
6955
6957
6958
6958
6959
6961
6966
6969
6971
6972
6975
6976
6976
6977
6978
6979
6981
6983
6983
6983
6984
6984
6985
6986
6990
6991
6991
6991
6992
6993
6995
6995
6998
6999
7001
7005
7009
7011
7012
7014
7023
7024
7025
7025
7026
7027
7029
7029
7035
7044
7044
7045
7049
7051
7051
7062
7066
7066
7067
7069
7078
7083
7085
7086
7087
7089
7090
7092
7095
7097
7099
7100
7103
7105
7107
7110
7112
7112
7114
7116
7116
7121
7123
7125
7125
7127
7127
7127
7130
7131
7132
7135
7137
7139
7139
7144
7144
7145
7145
7145
7151
7153
7153
7155
7155
7159
7159
7161
7161
7166
7166
7170
7177
7178
7180
7182
7184
7187
7189
7192
7194
7196
7196
7198
7198
7199
7200
7200
7201
7202
7203
7204
7205
7209
7211
7212
7222
7226
7227
7232
7234
7238
7239
7240
7241
7241
7245
7247
7250
7253
7256
7257
7261
7262
7262
7266
7267
7271
7272
7277
7279
7282
7283
7284
7284
7285
7288
7290
7290
7292
7294
7295
7299
7302
7303
7306
7312
7315
7315
7316
7316
7316
7319
7321
7332
7339
7341
7345
7349
7351
7352
7353
7354
7355
7355
7355
7356
7360
7360
7363
7365
7366
7366
7367
7373
7375
7375
7378
7378
7386
7386
7387
7388
7392
7393
7394
7403
7403
7406
7406
7415
7416
7419
7420
7421
7423
7426
7429
7430
7430
7435
7442
7442
7444
7452
7452
7455
7456
7457
7458
7458
7458
7459
7459
7459
7465
7471
7472
7473
7475
7476
7476
7477
7480
7481
7485
7487
7489
7490
7491
7491
7492
7493
7493
7497
7497
7497
7501
7503
7504
7504
7505
7507
7507
7511
7513
7513
7517
7518
7519
7521
7523
7525
7531
7531
7534
7534
7537
7542
7544
7546
7548
7548
7554
7555
7555
7559
7563
7567
7569
7569
7572
7581
7582
7582
7583
7584
7585
7587
7588
7589
7592
7594
7601
7605
7609
7610
7611
7611
7616
7619
7621
7623
7623
7626
7637
7638
7640
7643
7644
7648
7651
7654
7655
7657
7659
7660
7663
7663
7669
7669
7669
7673
7678
7679
7680
7681
7681
7681
7682
7682
7685
7685
7688
7688
7689
7691
7696
7698
7704
7707
7713
7713
7714
7715
7716
7717
7718
7718
7719
7721
7722
7726
7729
7729
7729
7730
7736
7737
7737
7738
7739
7740
7740
7741
7744
7746
7749
7750
7757
7760
7760
7761
7761
7761
7762
7768
7769
7771
7775
7777
7777
7780
7781
7786
7790
7793
7795
7798
7804
7804
7806
7807
7807
7807
7808
7808
7811
7815
7817
7817
7824
7826
7834
7841
7844
7850
7850
7857
7861
7862
7866
7866
7876
7877
7878
7878
7879
7882
7885
7885
7885
7886
7887
7888
7889
7894
7896
7898
7898
7900
7903
7903
7913
7915
7916
7917
7917
7921
7924
7925
7927
7927
7931
7932
7932
7933
7934
7936
7937
7939
7939
7939
7939
7939
7939
7940
7943
7946
7946
7948
7951
7952
7954
7956
7960
7963
7966
7966
7969
7970
7972
7976
7980
7980
7982
7984
7985
7988
7990
7993
7994
7994
7998
8001
8001
8002
8007
8008
8011
8011
8011
8015
8015
8017
8022
8025
8027
8028
8028
8036
8039
8043
8045
8056
8056
8057
8058
8058
8063
8063
8065
8065
8069
8071
8073
8073
8074
8074
8076
8084
8085
8088
8088
8090
8091
8097
8100
8103
8104
8105
8106
8106
8108
8110
8111
8113
8113
8113
8121
8122
8126
8127
8128
8130
8132
8133
8134
8135
8137
8138
8139
8141
8145
8145
8146
8147
8149
8150
8151
8154
8154
8154
8155
8157
8161
8163
8164
8165
8168
8176
8176
8176
8177
8177
8179
8180
8183
8185
8185
8186
8187
8191
8192
8196
8197
8200
8201
8207
8210
8212
8212
8214
8216
8221
8222
8230
8230
8231
8231
8232
8235
8237
8239
8239
8244
8244
8249
8249
8250
8254
8257
8259
8259
8260
8261
8262
8267
8267
8268
8268
8269
8270
8271
8272
8274
8276
8281
8281
8285
8285
8286
8287
8290
8290
8292
8294
8298
8302
8306
8312
8312
8313
8319
8320
8321
8322
8323
8329
8330
8331
8332
8336
8338
8342
8343
8344
8346
8346
8347
8348
8349
8357
8361
8362
8378
8378
8378
8381
8381
8382
8382
8383
8383
8383
8385
8386
8389
8389
8390
8395
8395
8397
8398
8401
8401
8403
8403
8407
8411
8414
8414
8414
8417
8418
8418
8419
8419
8422
8422
8424
8425
8428
8436
8436
8438
8439
8439
8441
8442
8443
8443
8444
8445
8449
8450
8450
8451
8451
8451
8453
8456
8457
8457
8463
8467
8470
8477
8482
8482
8482
8485
8489
8489
8490
8491
8495
8497
8504
8505
8506
8509
8513
8513
8518
8518
8519
8522
8522
8525
8526
8528
8529
8531
8531
8536
8536
8537
8537
8538
8540
8540
8543
8543
8544
8546
8555
8562
8562
8565
8565
8565
8569
8573
8578
8578
8583
8586
8591
8595
8595
8596
8597
8600
8604
8608
8611
8612
8613
8614
8617
8618
8619
8621
8622
8622
8623
8623
8624
8625
8627
8630
8632
8632
8633
8633
8633
8633
8634
8635
8637
8637
8638
8639
8639
8641
8643
8645
8647
8647
8647
8648
8652
8652
8654
8656
8659
8663
8666
8666
8667
8680
8680
8680
8681
8681
8685
8685
8687
8687
8687
8687
8690
8692
8693
8696
8698
8699
8700
8701
8702
8702
8707
8708
8712
8713
8715
8715
8726
8727
8727
8729
8731
8736
8737
8737
8739
8739
8740
8742
8743
8745
8747
8748
8748
8751
8756
8759
8763
8765
8766
8767
8771
8772
8772
8773
8773
8774
8774
8777
8777
8779
8785
8786
8790
8792
8794
8795
8797
8801
8802
8804
8805
8806
8807
8812
8815
8817
8817
8818
8819
8820
8821
8821
8824
8824
8829
8830
8835
8837
8840
8841
8845
8845
8846
8846
8847
8849
8849
8850
8851
8852
8856
8860
8860
8861
8861
8862
8865
8874
8875
8880
8883
8884
8885
8886
8886
8886
8887
8891
8893
8894
8898
8900
8902
8903
8904
8910
8912
8913
8913
8915
8919
8919
8927
8931
8932
8933
8934
8945
8945
8947
8948
8951
8951
8952
8954
8956
8957
8959
8965
8967
8968
8968
8969
8971
8973
8979
8980
8980
8982
8994
8995
8995
9000
9002
9009
9012
9016
9018
9022
9024
9025
9030
9032
9033
9039
9044
9044
9048
9048
9055
9055
9057
9059
9060
9061
9061
9062
9062
9064
9065
9066
9068
9070
9070
9073
9073
9073
9076
9076
9078
9079
9081
9081
9082
9085
9088
9090
9092
9093
9093
9094
9096
9096
9097
9099
9100
9103
9106
9107
9113
9114
9116
9117
9120
9121
9122
9124
9125
9130
9131
9132
9134
9136
9140
9141
9141
9144
9145
9147
9149
9153
9155
9159
9163
9163
9165
9168
9169
9171
9171
9176
9179
9179
9179
9181
9186
9186
9188
9191
9191
9192
9193
9193
9193
9196
9197
9197
9199
9200
9202
9210
9211
9213
9214
9220
9221
9222
9223
9226
9227
9227
9231
9233
9234
9242
9248
9250
9251
9253
9255
9255
9257
9263
9268
9268
9268
9270
9273
9274
9274
9275
9278
9280
9285
9289
9298
9298
9301
9301
9302
9307
9307
9312
9315
9315
9318
9320
9320
9322
9326
9326
9326
9330
9331
9332
9333
9336
9338
9341
9344
9345
9347
9348
9349
9351
9352
9355
9356
9357
9357
9358
9359
9362
9362
9365
9366
9366
9367
9369
9370
9370
9371
9375
9376
9378
9380
9381
9382
9385
9385
9388
9389
9393
9396
9401
9403
9404
9404
9408
9415
9418
9419
9419
9421
9422
9423
9423
9424
9425
9425
9435
9436
9436
9438
9438
9440
9443
9444
9448
9459
9461
9462
9464
9464
9465
9466
9469
9470
9470
9475
9476
9480
9481
9483
9488
9489
9490
9490
9491
9493
9494
9495
9497
9498
9503
9505
9505
9505
9506
9507
9508
9509
9512
9513
9514
9514
9517
9520
9522
9524
9524
9525
9525
9529
9529
9533
9534
9534
9535
9537
9538
9541
9543
9551
9552
9553
9559
9565
9570
9575
9575
9578
9579
9580
9585
9586
9588
9589
9590
9591
9593
9598
9599
9599
9600
9603
9603
9603
9605
9608
9608
9612
9612
9613
9618
9621
9624
9631
9635
9636
9637
9637
9640
9643
9644
9648
9650
9651
9652
9654
9654
9656
9656
9661
9662
9662
9664
9665
9668
9672
9673
9675
9683
9688
9692
9692
9695
9696
9696
9702
9703
9705
9707
9708
9710
9712
9716
9718
9721
9725
9727
9731
9732
9732
9738
9739
9740
9742
9744
9745
9746
9748
9748
9755
9756
9756
9759
9759
9760
9764
9764
9765
9768
9771
9773
9774
9777
9777
9778
9781
9785
9787
9790
9791
9791
9792
9793
9793
9794
9795
9797
9801
9802
9804
9815
9817
9821
9822
9824
9824
9825
9825
9828
9828
9828
9830
9830
9831
9834
9835
9837
9845
9846
9849
9850
9852
9852
9852
9852
9854
9856
9857
9859
9859
9860
9866
9867
9867
9868
9869
9870
9871
9872
9872
9874
9882
9886
9887
9889
9889
9895
9896
9899
9902
9902
9909
9910
9910
9914
9914
9920
9921
9922
9923
9923
9926
9932
9933
9936
9936
9937
9949
9950
9954
9956
9956
9956
9959
9960
9962
9963
9963
9965
9967
9971
9972
9973
9975
9982
9983
9984
9985
9985
9986
9989
9998
9998
9998
