10000
-3175
8637
1311
5197
-6167
3465
-2858
-1686
8244
392
-1168
-6561
-8508
-6393
-8416
8624
8887
-529
-3954
5266
1411
-8652
-4692
4392
9505
9444
-3411
-8021
8543
9124
-6880
-4632
7761
4431
-9435
-8407
-2104
-2293
-93
-3861
8100
8740
-421
9593
-7653
1164
8216
-8767
-9366
-5738
6499
2046
-4390
-8193
-3563
-4886
-8750
3027
-2906
9793
2151
214
-4839
-89
-5355
-4274
1504
2542
3434
-8589
8681
1533
-9850
-1740
1125
-7503
9425
-659
-6270
-9941
3604
-9771
2105
9214
-7964
8543
-5672
-6714
1569
1423
-6921
-6280
-8364
-1759
3631
-3718
3967
-4865
8824
-8137
-1531
8537
-9137
730
-458
-7349
-7045
2144
6079
-6082
210
-5979
4961
3823
-3868
-7048
-9284
-2011
5893
-3194
-3959
-3937
9949
3671
2092
-9777
9716
-8651
2346
3802
-6787
-9186
2339
-5924
1545
-8120
-3272
4500
4025
-7194
8419
-5766
-3172
3380
8057
2961
6332
8773
-9051
2224
-4421
-3010
8287
-4473
-9339
378
-4250
-9624
1728
8097
4179
4941
8912
-3483
9018
456
-1603
-4254
-5045
-7578
-1448
-6626
-3344
5381
6754
-5287
-1659
3085
-6514
-710
-4691
-934
6281
-6405
4594
6942
3974
-9656
7319
-4298
8441
1497
-9358
7352
8015
9661
-2192
-3588
-4594
2764
-1166
3959
6138
5491
-661
2892
-9797
7681
-4023
-6310
-3029
1286
2756
-6748
4881
-2651
-9806
-1145
-2307
7513
4557
-3866
-990
5200
-6514
-2975
4860
1294
3437
-9735
-5943
-7729
4225
-9805
7762
-6436
3087
7966
-8756
9064
-8344
-1784
350
4412
1468
-4770
-8239
1662
4086
-545
-825
-1358
5590
8185
-6159
9076
-4790
8702
370
8647
8968
4427
-9082
3192
4623
8680
6756
-2291
6646
8001
-3227
8302
-3783
7123
2714
7685
-7647
4476
-653
6440
-6070
8522
-4919
9520
6707
-1077
8596
-8084
-2375
-1035
-9437
-3408
-6608
-8519
9785
8015
-9839
6540
-4276
6807
4541
2498
5109
-9243
-379
-2178
8443
1974
-7703
-2211
-1586
-3772
-3689
3495
-4252
-6982
-7582
-5657
-5066
43
3309
-4502
6636
6701
-3021
6420
4715
-2860
2960
-9561
-6053
-2500
2937
9057
-1742
-7443
-3122
-3300
4532
-824
4490
-7055
5405
-9200
6441
-8848
-6181
8860
-4504
-1247
-1098
8805
4252
-4462
5506
-8770
-8043
221
-1629
4917
660
2319
-7584
-6404
1375
675
-3846
8254
7375
-9314
-2570
1865
-6368
-7166
2666
-9928
-6013
6485
8933
-516
-4762
-2165
-1711
9490
3373
-6206
-9280
5330
4015
-909
246
-5326
-8590
2663
-1729
2786
-6663
4426
1039
-9288
5112
8470
2578
8745
-8697
-4757
8817
-4709
-8272
7750
4775
-3034
-4416
-6937
-3545
8957
-3143
-2825
4287
-9128
6267
-5468
-4454
7678
7196
3818
463
-9467
-1757
-8498
-8754
-6645
9972
3824
-7901
-8726
9068
-9084
-3434
-9205
8666
-8660
-2239
-5750
-5596
4217
-6794
1262
-8608
7493
2134
7659
-7975
7681
5337
9221
1498
-4201
9755
9742
-2699
-9000
-6903
-2728
4825
-4804
-1453
3892
-3887
5114
4687
-5221
6454
-7552
-971
-9142
6666
2236
2120
8058
-271
-5746
5717
1754
-8066
1053
975
3433
6852
729
3175
-5847
1730
6272
1426
-3446
-8532
9973
-9555
-2418
5086
5133
2361
1540
7582
-8611
2399
4247
3625
-5481
2304
-6647
-1227
-1980
5108
708
9073
-3918
-5860
5925
6812
7316
-9922
-1459
3587
1504
5095
5056
1477
5541
-7363
-3437
673
4998
8104
-1745
6388
502
-7499
13
5021
4806
3367
-6206
-7174
-1526
4502
-8101
4557
8643
7824
1369
5958
7903
9910
-456
-594
5005
-5401
-9118
545
-2764
-2555
-8782
-7766
-4451
-527
8622
6051
1975
-1366
1072
-3219
-7999
4866
-393
475
-633
1506
-4968
-1991
-670
6401
-6034
-2768
6311
3511
6639
1315
8111
7521
-8141
-4653
-5034
-6922
-2419
515
2552
-3797
-3434
-5474
4838
7638
1308
6839
2503
-9086
-2686
-8130
2421
2346
-121
-8249
-1253
3846
-1016
-4943
-2644
-4378
6373
-4534
-6857
8232
813
-1891
-8690
8395
8625
3862
-5403
-4810
8389
9435
-7172
-304
6273
5332
611
-6413
7202
-6968
5934
-2919
-5217
-5320
-9074
3767
-262
-1717
9389
-3890
3750
-7469
-5658
-5438
641
-4348
-7044
-735
9514
-2446
4456
7903
-3011
7285
-2401
-6739
2616
8210
-3151
-182
-8759
-7218
6899
-3975
-2538
7826
9792
7200
-3891
9181
-6691
9859
-8289
-2349
-5580
2353
3304
-2623
-8382
2818
4932
6075
720
-8080
3359
8319
-4818
-4025
6529
2031
5794
7771
4813
2692
-6205
-7725
518
-6413
9475
6627
-7233
-7216
6485
-5521
436
-9095
6832
-6261
-1717
8451
6557
-6786
4525
-2724
-4865
-2117
-4405
317
3859
-7876
-7653
-348
9895
7161
-7656
-6310
9436
2862
-2722
8910
-511
45
-8306
-4026
4525
2130
-3120
1357
5869
5164
-193
2426
8378
-5669
9703
-6487
2214
-4702
3830
-3927
-2578
6177
5725
-2683
3337
8069
1007
2773
931
8285
1682
-9580
-1670
3377
-3605
-7146
-4494
3275
4212
-8625
-1562
-5982
3801
-3184
-1651
3503
329
-9437
8801
-5841
-3364
-3777
-9664
-7639
3540
3673
-9571
-5453
-3554
1361
-7168
8128
1781
1163
1504
8176
4018
7011
1451
-1771
8386
9889
2247
2187
-3295
-9405
-4310
7035
-8842
-5509
-8807
-2205
714
-8471
156
-5746
5203
586
-1199
-8352
-8054
1634
9777
3728
-7204
1280
1903
6814
-1709
-6646
-4958
-3323
-6758
7290
8865
-52
7885
-5446
-3018
9044
-954
-1825
-3161
9760
-296
6995
-5986
-5094
-2419
2816
-3446
-473
-5551
-3670
-6745
-2754
7611
5158
-5940
-4098
8513
-898
2579
-8246
-3608
1443
1703
-5723
5998
8685
-6679
-4957
-3141
160
-5198
6563
-2845
-1183
-8531
4736
-8368
-1977
-5737
-3919
4354
-2482
3327
1964
-7324
7387
7866
-8812
-3511
445
-7057
2882
-8113
4646
7159
7885
3330
-9521
-7073
-9811
639
-2270
6753
7795
6547
8222
2530
8180
-3755
6794
-5740
-9402
-5689
7588
2563
-3012
4975
428
-1824
-8536
-9127
1119
4346
-7239
-4235
1505
-9355
9096
1984
-6427
9285
-7377
1304
6037
-9582
-2149
4258
2949
-3970
-9498
-258
291
-8900
4053
-2121
3664
-8959
-7146
-5908
-783
-5681
-5035
-9664
8666
-2274
-3899
170
-1628
-4803
-7846
1945
-5519
-5222
-6751
-9483
-4804
1101
4776
8145
7132
5279
-2114
-2578
6380
-8061
5302
43
-7020
8157
4135
2198
-7525
9100
2535
-8860
-2599
-3454
7505
8934
-3303
-4235
59
-806
-4811
9401
2925
-4752
3004
3154
7354
2218
5190
5896
6546
8477
-2535
-2032
-8444
1185
-395
-203
-5184
5887
-6236
-49
4711
1165
6498
2215
99
-6806
7980
-9842
2388
-6831
9559
-4687
-1583
2563
8467
-4230
-5220
3657
-8334
-8675
2134
-869
-706
3691
-9685
8900
-6513
-4869
4787
-2748
5083
-503
8417
1580
-8288
-1484
4775
9692
-1326
-2837
-7140
-1767
2476
1278
-9205
942
7049
-4425
-5401
8715
-3099
6733
-2155
6195
423
-1839
5094
3911
3293
-120
-8838
-1625
9378
9580
9956
-8911
-1905
4731
-9219
6770
-8107
-6358
-4998
4369
4920
-4203
-4689
1969
1372
-90
683
8274
-3357
8529
4468
7066
-3310
-438
977
9984
9443
2139
-1642
8820
1719
-1686
9910
9815
-6956
-9310
6584
-5063
-5668
-8415
9307
9253
-2617
-5382
1221
8756
4528
-8096
7029
-8830
-9567
1497
8237
-2876
-8942
-787
-2893
-9499
-8648
5466
9322
3072
-6221
9231
2886
-3176
9921
-531
1762
-5747
1055
1068
-6495
8439
5686
4727
7194
214
6632
4223
1385
7066
-4281
-378
-5811
-3223
8835
1296
-2721
-9813
-3239
-3400
3259
541
-4170
-3856
7366
-4249
5614
-873
4
-3331
-9805
3510
-4893
5882
-1763
-7699
-3904
-5132
6524
7481
-8067
-7758
-2897
-3877
-980
-4063
7419
6299
-3875
-5820
-7102
9385
4722
-1272
-4471
2087
4480
-8858
-8786
-5517
-2188
-8590
7994
2920
7292
-3770
5222
-6612
1098
1745
-9132
3032
3988
-2029
9155
-6993
3909
6574
9307
-9966
-9247
-7796
9419
5476
933
-5053
-2438
-4588
-3910
-1224
-104
3903
187
-2111
-3178
-2522
4119
-7956
866
-4783
3789
1735
8249
-2224
9707
7403
784
3616
3976
90
3651
4730
2295
3069
205
-6773
8017
7768
-1360
-5893
-3456
8536
8011
6731
-3576
-5168
-5792
-9457
-3124
5075
-4240
-9335
-3190
-5992
-1558
-3484
-8589
9226
-9868
5388
-684
3783
117
-8390
-3148
-9678
-5162
-5131
8090
3478
-1024
-5367
2014
-3014
-8636
8439
1819
-4428
8982
8696
-9353
-5259
9362
-2542
-1250
-2197
3974
161
-2971
4107
-4452
6345
-2110
5666
7956
4742
5988
-7206
9612
4078
6273
-1412
8712
-1714
5574
-9925
-3276
-2607
-4352
-4294
-3911
-3705
447
-4550
3753
9197
3254
-2273
-643
-9717
-8166
4906
6629
-276
572
4584
-5534
-3440
7378
-5923
-9363
3650
2666
9349
-8064
-1760
9424
-1339
5633
-4928
4367
-8278
1367
-5187
-2827
-4880
-5990
-9573
2848
3368
-9290
4683
-1726
7339
-5594
8846
1923
-1127
-4595
-699
2951
-3958
-7049
-4384
-4609
-5113
3856
-5185
3548
-511
-113
-2085
1211
-8746
2729
8385
-3626
6739
8812
9223
106
9522
3905
8381
6861
8312
7226
-1217
-2816
-7370
8084
-9865
-1327
-8966
-4248
4064
-4079
9608
8880
9470
-903
-1234
-2616
-9693
20
-9887
8693
6395
6852
7504
5617
-3042
7026
-478
-4662
3886
-2167
-7436
-7332
5018
-4806
-9249
5154
3868
-8215
-9095
-2068
-2293
-9488
-3189
-2823
-391
5577
4562
-83
-4404
4675
-1391
-8009
1527
-3887
7609
8485
-6862
-2870
-6177
7024
4964
-3613
9692
-18
1582
-9557
-4865
-4551
-7771
-3960
3382
-64
-3447
-9808
7114
6163
5769
1675
-3920
-8635
-3651
4689
-6643
7876
-9199
-9035
6361
-6060
-1904
-9816
-9037
-6941
-3429
-9345
3041
8154
-8902
8177
-6397
-6673
-5783
6985
3264
770
7177
377
-3068
2946
-7948
3012
4312
-1599
-2299
7669
-3723
-1497
8634
-7362
2443
-3271
-7178
3407
-211
-606
4062
-7170
-2453
5161
-8994
1151
8489
-4777
-1864
1753
5994
-4688
-7870
-7074
8259
-5818
5938
2570
2584
-6361
239
8861
2143
-1127
-8501
-5414
5602
-5679
7993
-4609
3716
2055
-1779
-8737
-2784
-772
2414
-4296
4452
-9451
7458
445
-4138
9588
3371
-5880
-6231
-691
6691
6353
2948
-3071
5214
-4909
5802
6713
-323
1404
-8966
-2331
6796
4750
9725
-4984
6013
-3060
4245
-1573
2645
-1304
-1024
102
9141
4839
-311
2511
8959
3459
-8180
5650
-188
4768
-7421
-4975
9859
8382
-8262
-465
-214
-7227
7205
-3419
7523
6929
1598
3536
-6131
-4158
-8038
6514
4538
939
-3385
3678
-4223
6305
-3811
-5264
-237
-1991
-9614
9575
-7223
-7035
-5400
-7364
-8653
-3662
2172
1133
-889
-623
7714
-3366
-3695
-689
-9831
174
5154
-7868
-3313
-309
3072
3303
-6631
8849
-393
-441
-6415
9371
7569
-6029
8945
-9655
-3063
-6456
-7018
-1716
-117
5154
9418
8995
-5470
7131
-4372
836
-3558
-4202
-8990
-8404
-2069
-2302
1288
-8998
-9000
4657
9852
608
-5784
-6563
-22
-8216
-2591
-1078
-7870
4346
2467
-4888
-7370
-7651
-9734
-7953
-8657
-5203
9179
-3028
5633
-4379
2770
6644
-2783
-9299
-5659
8505
-8297
-4658
3162
-8445
5950
7378
-5008
-4072
9163
2401
4851
-8708
-3254
-2682
-3595
-623
-333
-3329
1424
1011
1469
603
7984
-2899
6225
754
-6255
-6559
1455
-1914
-8054
3158
3429
5109
4713
-621
2487
9705
5307
1649
2105
158
2942
8852
7476
9347
-1771
-2857
-3982
9654
8155
7487
256
6138
-5412
-3520
-3109
-1667
-78
8346
6420
1869
1504
-152
-3023
-3783
9227
9464
-4078
4534
1112
8028
-5309
-5946
6879
-7834
-6600
-4893
-690
-581
-5240
-2536
-3094
5017
-6399
1494
-8503
493
9828
1420
-1162
6248
-6712
-9658
-3905
265
-3441
-4678
-271
2481
9857
-9159
508
-5452
-5105
-2613
-3285
-1704
2495
6025
7716
7256
-6512
-5379
2273
-2910
6116
3770
7583
5943
-4811
-3579
2190
-1523
-3237
8286
8743
3323
-6392
-1528
-4196
-6536
-687
6313
-1988
4208
-6301
4728
-7496
6195
752
-9781
3451
4241
-5160
-4277
-8670
-9045
9494
8913
6899
-5318
-4667
-911
3160
2097
-2626
1903
-4581
982
-9626
1223
4447
-312
-2465
-7541
-6105
1235
7187
-3600
-2570
-2062
-3381
-9119
-7822
1459
-3396
-6491
2415
-3903
-7579
-687
780
-2245
8403
-6060
9852
-4224
5843
-4729
6759
6218
6495
1205
-4095
-5971
3664
-199
5265
851
6201
-7305
8790
-7181
-6424
-9033
4279
180
-5523
-3306
6278
-3102
6008
-2942
4654
4410
998
4506
-9815
-3159
9777
6945
-6941
6271
-1851
-1036
-9700
-8187
8766
5566
2665
4966
8261
1454
7786
-8164
2422
2065
2017
6899
8759
-1705
-6203
4766
5354
8451
-825
-3649
2956
-639
3193
2733
-3695
6252
-997
4455
-4784
-696
6269
-6019
-5131
-1067
8948
-6871
-9613
6734
-5034
2809
-1202
6984
-293
-2443
-4721
3505
-7678
-9368
1955
1498
-3016
-5089
-9142
-9824
7644
-2836
6429
-3353
-8382
-8356
5951
7888
-4374
-9181
-3180
-5426
-6051
-2793
-8693
-1084
-9984
106
-4101
-276
7663
1178
-6772
9986
1811
5184
1483
8795
-9906
2342
8971
7739
9506
5400
-5615
-8876
7044
-9665
9012
-7330
-8845
-4168
-2756
-4896
3040
-1448
4020
3056
8659
9920
-7221
6322
1098
-3992
6307
-7092
-8809
-2210
-8297
-8715
-9869
-9327
9025
9637
6074
-6591
-9239
3117
-6255
9773
5788
-5100
-4396
-6968
5
8645
1585
-5975
1700
243
-6056
4480
-3435
5043
-9513
-7128
7951
-8321
662
9654
-7035
793
-9673
-8011
430
6401
-4602
1191
-482
-857
964
-4695
4044
6569
-1662
-5951
5213
9923
-1926
-3087
166
2019
-8608
6731
-2939
-8120
9603
-4988
-6440
265
-5334
-3475
-8942
-5007
-1486
1489
-8606
3912
-7321
913
-6945
3644
6219
7100
212
-5444
-8852
-4576
-5521
-778
2338
4645
-8760
3731
1376
-1699
5611
978
3314
9171
-8757
7980
-4304
-7699
-7027
4210
3790
-5632
-1878
6470
5281
1177
113
1500
-1723
-9675
6057
-575
-4251
-9465
8648
8088
5180
9889
1818
-3445
-1810
-2572
7534
-8497
-3401
8777
9483
2295
-8922
-7545
-3495
4868
-3177
4627
1337
-7896
-4196
-8550
3604
4081
-8225
-340
-6494
-2475
196
-7847
-4388
-4625
-7959
7430
1931
232
-5142
-535
1735
1458
-1758
1217
-6248
-680
3672
258
-5812
-9505
-5116
5526
-7401
688
6976
6203
-5232
8751
-4137
-1726
-3724
6059
428
1888
-8566
2470
-682
3366
-7299
4176
-7169
4436
-4367
1073
-4347
-614
-9607
9326
9644
-5418
9821
-5472
-9893
-7581
5216
7083
8623
9985
5834
-5515
-1742
-7891
-9456
8687
3998
-8022
1157
-6685
5345
3858
7492
8176
-1706
-6875
-751
3947
2512
-357
3272
2156
4225
3093
6684
4332
5513
1899
1415
4135
1883
-2752
8621
-9859
-642
9165
8829
-6644
-8857
-15
-3328
6488
-6158
-5837
4664
2137
-2711
-6088
-3916
9801
3555
9357
1956
-2220
2449
-1361
-7889
-2039
-9462
3527
-7904
2421
-9225
-9284
2563
133
9882
1391
3490
-8976
-8625
-9839
7513
-4782
-5675
2176
7355
1615
6088
-6562
1415
-357
-7206
-6629
7423
5244
2011
9535
-6796
2549
3061
-4699
-5030
3836
-3983
7534
-6031
-4102
-1076
7459
-3077
300
7621
-5565
5518
-8054
6611
2873
3561
2699
6312
-5024
-7659
9107
-1652
9764
4350
-9642
9298
7555
2908
2359
-7145
7878
-3806
-1127
5412
163
4772
-5665
-2378
-8306
4636
-4758
-3871
153
-2811
-7260
-6974
-9251
5439
9338
-4274
7780
8445
4074
7544
2794
4432
6842
349
-2661
-800
3205
-4783
5394
-7923
-9372
-4443
6849
-5036
3179
8544
9600
8422
-5327
-247
-4390
-2587
2780
-3640
-7148
2118
2086
-9369
562
-3841
8176
-6644
-9410
5017
3705
-2070
-5783
-3090
3148
9612
-1013
3777
-4832
-4164
8742
8348
-5621
8342
6770
-947
-1906
-7621
6466
-9127
-1260
9318
2991
-9175
9950
-6447
-3015
8126
-3091
-2424
3143
-9386
5506
7360
-2476
-1346
6971
6511
-7569
-7861
-7653
-8828
-9513
-3273
9514
7257
5780
-2392
9637
2246
-1519
-1624
1564
-8528
-799
1513
-4974
6186
-361
1935
-6238
-7219
2549
9268
-9860
-9928
-2078
7112
6584
353
9251
8932
1525
9738
-4342
1039
6995
-8562
8647
6631
3684
-2872
-4994
-4752
-1399
4208
6762
3627
394
-3600
-4439
4156
-819
8110
3424
-678
8183
-8655
-3567
4767
1699
-4316
3698
-6776
-4578
9357
4263
-7584
-9206
2909
9048
4479
-9964
-5947
9727
-1363
8262
6488
-7737
-1345
-7112
-2175
-7189
2069
-4065
6236
-8610
-5883
7581
-2176
8885
-720
3508
2582
2504
8931
1938
-3234
-8654
2733
9675
-9607
-2789
9712
-5553
-3062
-1651
-7292
-6574
612
1364
-3686
8438
4176
8383
-5628
411
9774
-1511
-2008
-2403
-2626
7272
-8895
9956
-225
-9965
1894
6542
-8618
-5374
6217
-8225
1838
5928
-3777
8777
-5724
-1068
-7798
4889
-9704
-1484
3326
4472
-3101
7698
-5118
-3327
-3813
2875
4270
3561
146
5376
3517
9922
5411
-4590
6464
6794
37
2680
8569
-8125
-1393
-5208
-9349
2884
3724
-7147
-2227
4020
1370
-8902
-1508
8270
8797
3375
-5058
-5016
-3751
9213
8546
6396
4588
2063
6318
-1
7473
2781
-3208
-2490
-4540
-4639
-615
4067
154
36
-3049
-6123
2890
4724
7898
-5740
5823
-3611
-7471
4620
9764
-2528
9605
-3988
-3316
8150
-7592
-8728
212
8726
1272
-2315
1506
8065
5196
6966
-6574
-5420
1033
3580
4617
7985
7457
-2494
2708
5355
1767
-1469
-8257
4296
-6850
-8493
-8233
-7246
-2481
-1548
-9096
-72
-275
1116
-1347
-9003
8802
-9842
9062
3997
7125
-7513
8578
-1842
6067
3194
-3858
3524
-9300
8850
-1121
2467
-2620
622
-3238
531
2130
-1470
3285
9650
6983
4190
-423
-3292
-4694
8230
-2295
-5893
8389
-3234
8105
5514
-746
6682
-6329
-4679
-124
-187
8846
576
-1337
-2276
-6958
6044
8347
-195
-3426
476
8336
9860
125
5319
4049
9702
-7974
9356
7932
-269
-6538
6321
6498
-8433
1834
-4248
8250
5505
1073
-1875
-4683
-82
8701
3980
7643
-8257
24
5989
1548
6598
-3535
-116
6458
6591
-4798
507
6292
-2771
-138
4224
6961
3325
544
3458
4892
-7623
9210
3141
7882
283
-8735
-6801
-9799
9967
7180
7844
-8291
-2797
3833
3258
-6199
-9703
-6858
-9742
6888
-1655
766
3180
5574
-9373
-2596
2534
3952
7948
-4008
-1156
-9675
-4798
-8015
8207
5485
-6749
-8594
5687
-6783
8586
3530
-5073
-4211
-2637
8186
-410
-2339
-8673
-151
-5452
-328
-9386
7729
-4754
-8759
-4867
7781
5194
-6920
-6228
-5962
-6595
-1026
-3977
-8388
-5541
-725
-6981
-9855
2493
-8395
3676
7420
-2606
-8962
5606
6984
-1301
6934
-3168
3248
-3394
-2553
977
1852
-1311
6110
-368
-6118
9191
3405
-2079
-7404
-7621
3945
-5792
-3162
-6781
-2772
-3016
5712
-1167
-9341
3132
6227
-8302
-1263
3211
397
-4330
-9958
-6355
2276
-2510
4622
-5872
6179
731
3761
-9940
-78
-2835
-2018
2518
-456
-8074
6727
6383
-4855
-6046
-6633
-9143
2787
-5974
3989
-986
-4275
-7274
-7776
6123
-1603
-7733
9768
-9327
-243
4390
-5199
-4065
-4879
8562
-4004
5043
-4273
3978
-2440
5271
5904
-5714
1654
-8951
-1760
5021
-8093
-8973
9048
5897
41
-5228
8623
2265
-9105
-2981
4532
-9338
-2308
-5712
5052
2494
223
-9828
1056
6219
5215
6783
197
-7226
2054
-3899
-2939
-6293
-2849
5301
8729
-942
6329
7777
-5046
-3631
-7451
-6423
8635
-6556
597
3166
-5894
8290
7455
9159
783
-2322
9331
-8162
-6104
4546
8622
4094
7321
675
-9806
-5619
4383
-2655
9683
3111
6404
6011
888
-8642
-7621
3437
-5065
-8987
6881
5532
4180
-9014
3821
1634
-9855
-5396
9312
9476
-3557
-6792
4021
-4936
7302
1342
5739
7497
5723
121
-5159
5405
-6768
-8755
1415
4120
-7397
3795
-2444
-2462
4808
-5564
-6930
-1013
-4577
6892
-9379
-4432
-8505
9933
-4956
-2062
-6859
9066
3002
-9558
407
-1259
7939
-3871
8862
-7220
-8466
-7906
-5974
2949
6214
-3371
-3257
-6230
4168
-8449
-1794
7238
539
3630
4129
1160
9199
5624
1093
-5758
-6438
4234
-6692
6565
4676
3715
-4695
2615
9845
-5834
5396
-8622
-3740
9422
4328
-7526
-3950
-8929
-3756
-9783
-7378
4451
7456
3162
-1919
1584
-5679
-2721
-2792
5414
1522
771
-353
4830
-2665
-5677
-1455
2640
6939
-1610
6807
2334
-232
-6933
1756
-5904
-4459
7807
-4833
1785
8025
-2210
-3764
5480
-9049
4317
-2936
-4727
-8404
4273
-9313
3118
-4957
335
-2052
2378
4659
6494
-4982
1597
-5117
-8176
-6069
4652
-5109
5687
8748
433
3493
-6085
-7782
1517
1706
-1546
-3003
2658
-7230
4061
7931
-5634
-1667
8619
7485
3377
-1047
-4567
-4245
-6389
-8074
774
5209
-3191
2598
9140
-8540
7490
4827
-9792
-2077
-1681
-5876
141
9837
5830
8595
-3166
-1513
-8635
-9106
-3582
-4268
-772
-4964
-6783
-7395
3990
-1350
-1640
7601
576
9134
2810
7386
1732
1949
8847
-778
-3225
9055
7145
5095
-6822
-2715
4932
9009
-4120
-8235
-2504
-2754
-7341
3914
2979
1888
8951
6197
4493
2941
-5154
-7147
541
5423
-8013
-6650
2808
3719
5300
1654
-7059
-7925
709
-9915
7170
3888
-2629
2101
2896
3252
3866
-9608
-9502
6526
4307
3478
-1586
3257
-326
-7094
-3803
4520
-4240
6739
-57
-2253
-9911
-7250
-8534
5390
4405
-5593
7465
-4886
-5507
4634
9002
1864
-3265
1898
-4884
-9399
2290
-4385
7127
-3404
9093
-4460
9854
-1234
-1553
-3950
-6714
4207
-7211
3229
-8046
-7121
5980
-6580
8269
384
-2173
5734
5498
2320
368
4500
-5816
7103
-3603
-699
7704
8687
4916
4831
-4718
4008
-9630
-4864
-7227
-1182
1186
-3940
-6975
3976
9289
-5021
6856
5268
-1601
5125
-4348
6227
858
-8850
-1453
-8775
5650
2731
8329
-7954
-7968
6032
-9267
6949
863
-3984
956
1234
1152
3730
-9949
-7662
9790
-6924
6315
9078
-1945
3170
4346
6455
-1705
9998
2681
9153
-8853
-8773
-9622
6798
3959
8707
8845
5992
4738
9579
2940
-4400
-4406
-6105
6834
6747
7626
6886
9085
7416
9963
5400
6494
-1983
-1430
839
-5528
6865
837
7153
6017
1985
8381
6395
-1218
2340
5101
-2374
-1669
-161
-2796
-8729
5440
2799
-4833
2274
-455
-7208
-841
-1370
-9793
-879
-5970
6702
7139
2600
-2460
-8389
-536
8378
8765
-4519
362
7145
-8125
9145
-515
6977
-3229
7817
-3184
3976
9088
-7744
-3226
-5746
4530
6320
-2954
-6311
-5050
-2746
2811
-1020
-6044
-50
-8420
1497
1561
1044
-126
325
6525
-9765
-2530
8401
9380
6955
5378
-3850
4771
-7807
-9874
3858
-5550
-3100
8113
8980
-6780
-4842
-7331
-1830
2413
5480
7151
6369
-4571
8731
-2135
6991
-225
7740
-2685
-3701
7976
4786
-5300
7356
1740
-9922
-6494
-3489
-7729
-6368
-9631
-3279
532
8482
-4299
3752
-6360
-1630
-8078
6054
-6150
9073
2422
-720
7804
-9713
-3730
-2422
8027
3586
3878
6002
-1629
8578
3358
-9890
8656
6864
-3378
-9073
-9505
-3009
-2351
1027
-4527
3351
-5221
-887
-8280
-3298
-4833
-4429
-4225
7589
4851
-6422
7877
-8880
1156
5904
4706
-4966
1906
-6924
-6389
-4737
-6813
-7733
-7874
-190
-6805
-7379
6802
845
3649
-7726
-5805
8428
1388
-4084
-4870
6555
1487
905
4144
-3663
4483
2021
-2542
-4361
-2075
-7836
673
9831
-4759
4285
-4906
-1571
6552
-2780
8239
9748
-158
5040
592
-6510
7315
4787
-8082
-1297
-9297
-2952
-4742
2190
7954
9403
8528
2436
1423
-4014
8076
9348
-1849
-1252
9179
3392
-6968
-5728
-8180
9585
1493
-9941
9333
-8666
5099
-76
-5175
2414
-5289
-3256
-8884
-4586
3792
-3625
7605
1746
-4223
6133
-5819
7200
-7881
-7744
6548
270
1005
5726
-6339
4038
9998
-4519
3622
1491
-4459
2954
2825
-9361
-7122
7651
3054
-2411
-5606
4171
3004
8187
-9455
608
-68
-3678
-3259
4114
-6478
-1140
6370
-9931
9130
-2625
5795
-7209
-8588
5793
-1727
5034
-2717
3814
-2012
-9892
4453
867
7760
-2493
8456
-7847
-8323
1460
-9660
-7778
-7933
272
-1455
-1191
-5615
2067
7669
-9245
2136
6799
-1870
-2069
9590
-457
-6276
-2138
-5424
1008
-8325
2565
1117
6129
-6569
-1124
-6364
-8113
1030
-4687
3347
1370
-2464
5415
-8358
6082
-5777
-3972
-1852
-8108
-3217
-9716
8692
4914
-1785
8281
-5544
1940
-3857
-967
-7053
-2181
-8402
4064
-6052
-4970
-7061
-2416
-3083
3969
2898
-9736
-4662
-9566
5679
-3019
6516
9902
3009
-5337
-8206
9793
-5052
-9515
4706
3164
8767
9163
-4897
-5091
-1804
-1950
2729
-205
-7887
6677
4825
-4947
-5739
-8258
9022
7159
-7994
-5640
7594
7685
1341
4109
7587
-5650
8773
9381
-5858
-6280
9867
8849
6884
8633
8011
-8014
-6458
-3793
37
6271
6002
2151
2948
827
7204
7209
2569
6226
4368
4575
-9414
1961
2260
1928
-3930
-154
6278
-5158
-773
-9581
-1437
-907
9268
-4553
-2274
7279
-2566
1268
-6515
7471
-2461
9488
-379
-9514
315
-3175
7696
-7117
-6950
2063
7459
-6363
-5976
-282
5565
94
9565
1842
4937
-1209
2261
-6501
7885
1529
-1053
-4390
-1193
6381
6879
2293
3852
-5583
1781
-6527
-5096
-7905
299
-7401
-5021
3349
4663
-7562
6986
8687
2157
2551
-1220
1721
-5608
-6283
-9488
6654
-2783
8398
-1818
6164
-5993
6990
2545
-9114
-718
-3604
-4696
-8937
-130
208
-6842
-9832
2807
-1862
3518
-2530
577
504
-3844
-7267
-6946
4937
4455
-2553
8654
4967
-5900
-4130
3365
2283
-7966
7373
-728
4579
8259
8555
-9025
-6438
9618
846
3771
-7224
1014
-3422
915
-5468
4048
-8509
5036
-9797
-5776
8091
5141
8680
-4463
3794
3647
-362
9665
-2989
-8080
-8302
-5617
1193
6278
-7359
-253
7253
-3796
-636
-1902
9975
2140
9113
-3448
-6945
-6356
-9401
-5454
8681
-9198
-1229
6772
5943
-2550
-7692
-263
-8904
1947
-598
-1893
3867
1100
2490
-4941
-2622
5132
4807
-5370
-8665
-5830
2729
-8691
6311
1842
-2139
9366
5486
-1539
-6088
4167
-736
2683
938
-4793
-9868
3247
4944
-8771
-4807
-5654
-664
9061
5447
-8174
-5880
-7176
6958
8927
-2545
8294
-6904
-9817
9603
9408
2026
-2536
8774
-2488
5926
-7315
-8322
-4811
5369
2617
396
5501
-4137
-4660
6730
1056
-314
-3934
117
-4868
-2108
4237
-2044
-5150
3163
5411
-6857
6260
5595
-7254
5668
-2380
211
4441
5132
-3864
7127
6811
1325
2495
-573
-8279
-2004
5291
-2939
-5275
-3653
6747
792
6464
-8121
8685
700
-164
-6466
-6138
-4753
-3322
-9879
-9158
-576
5790
-1537
9636
230
-6405
-4229
-2643
-9595
7097
9852
-167
8819
-2153
-4877
-4121
2573
1470
-7374
-6635
-2067
-5494
-7951
8633
4342
-4417
-7505
9589
2261
-7383
-9570
-8315
8407
-1107
-8679
-1363
2488
-2908
5994
2894
-5811
5846
-7274
-6993
-6308
-2150
-1113
6266
9320
1514
9631
-2747
6020
-8321
-4114
361
-2737
-1619
-50
9525
999
380
-8790
-595
9274
-7469
8043
1762
-376
4036
-5344
3813
-119
-2618
6821
3574
5232
-4292
-160
4552
7222
-529
-8196
3241
1151
-2310
-6398
8414
6072
3552
7939
-2930
-6068
9149
6476
-6794
-8321
4519
4968
1303
-1446
9624
-4884
8436
-2994
-8063
2010
-7762
-2355
-8151
6790
-5134
1320
8595
8108
-7530
-3716
-8291
-9116
-7644
5261
8824
-573
9193
7972
-4098
-7601
9651
-9580
7367
954
-1025
6991
6070
-2589
-6003
8007
9421
-3764
-4349
-8731
-6975
518
2590
-8380
-1375
5061
-2095
334
5946
261
-4405
4769
9688
-5212
2740
-4410
-2813
2391
-3989
-5446
-6656
4987
-8455
9415
-7603
-4458
7421
-8183
1778
-6928
-6914
4804
3591
5677
6424
-7785
737
-5672
2550
-3318
4590
8146
-8550
4278
-7066
4191
9868
121
-3419
-4121
4676
-74
-9135
6221
-660
-6737
-8237
-3239
-4920
3542
-166
-1833
-1654
-6576
-6157
-5231
-4360
4580
-902
8191
-8738
-6312
6336
-7288
7966
9270
6903
7834
-609
-6516
-6288
-5934
3410
-5422
-9713
-7251
-2159
-7950
-489
2922
5593
9345
-8912
-6062
-7232
-5068
-1292
-1591
9513
7807
-3401
-9226
-8506
-7065
-6514
9461
-7796
-9611
7294
1596
-6126
-8994
5663
7284
-4416
5950
-9967
3426
8001
-456
-3653
3593
-1112
-2564
7531
1657
2368
-3761
-9935
1880
-5955
-3336
2654
-4461
-401
6141
-5001
1804
6531
-7707
-6601
-9596
-6701
9062
7688
-1116
5012
7721
-7691
3012
-2735
-1343
-3396
6153
6093
-5865
-2191
-1539
375
-2126
-9660
4420
4539
2995
9960
-5863
-864
-5041
5942
-4334
-2748
9341
-3929
552
8403
-6241
9436
3414
-8520
-8255
-3575
-1255
403
3030
-5103
-3504
7166
2707
4957
-2460
-9420
5298
-8041
5120
-1707
-8081
9257
7429
-3122
5198
-6905
4130
4539
-833
-5319
2941
2926
-5883
-3645
4406
-4138
2780
-6850
6265
-4190
-1952
-7240
-7024
-9246
7718
516
-8665
3015
2476
6455
-8692
4395
5712
8737
-8728
910
-8168
5403
-4551
999
-9917
8390
-6076
-5799
-5256
8331
63
7525
-8519
-3672
-6665
-470
-911
-3689
284
-3194
6827
1620
9822
-697
-1925
-8871
-6303
-6213
9867
-5030
4698
-8302
-9628
-9854
2698
-9544
8537
6623
-5343
-6719
4953
4720
-9195
6435
-8952
-5859
-4036
137
452
6249
6943
-2721
-2132
6765
6582
5944
7894
-9722
9732
7761
-4751
4429
9459
-4379
4575
2157
-3923
3112
-1221
734
6393
-6268
-4546
7199
-9834
-3497
-8661
-3870
6640
1791
-7621
3583
9070
248
347
5651
-3809
-1760
5930
-4078
-3999
-8822
-9649
-4541
-3200
4926
7616
2878
-1963
-3605
-6388
-5571
127
-934
-8372
294
5569
-7033
6425
2209
4759
8804
-4209
3829
-949
6138
-520
5242
-5622
-4590
-8836
379
-3412
-8485
5839
3389
6442
3455
-3734
-5522
9850
-122
-1092
-23
8945
537
-9730
4514
3504
6695
-3278
-1737
5498
2513
-7909
-5452
-1349
1571
9791
3029
6981
-9045
-6592
-6431
-7530
9248
6959
8913
2702
-6776
-6609
2552
3102
2300
-7472
2047
-7164
-7201
-3440
6341
9495
3282
-5397
4992
-4205
-3305
9541
4446
8267
9332
-2525
5248
-9714
884
8818
-7243
131
5776
-8331
-7168
9000
-4940
5385
2102
7360
7913
-5852
-9804
-9288
709
6537
-9794
-6010
-8860
5199
-214
-2165
4740
-5769
-3898
4071
1707
-8651
4358
-7410
-9834
7116
2721
5942
8786
5553
4942
-6155
937
-2956
-8795
-1150
1193
-8599
-437
-8099
7939
-231
-4108
9079
-5032
5678
-3086
9708
9909
3016
3779
1615
4365
-1863
4205
4532
-4748
-3074
474
-5963
-7522
-4584
-2117
3416
2460
-911
-7734
-6348
491
1829
-4447
-1571
-8402
1445
-2492
-3434
-2877
4423
-3726
-2969
-2562
-9948
8647
-8197
-1810
2852
6336
3442
9778
-3191
7480
-7744
2225
-4637
5672
-5316
4452
7939
-1663
-5058
-233
3891
3372
1366
-4664
-9120
7932
2459
5303
-5794
9491
-7260
-5742
8137
-5456
2449
988
-9121
-4110
766
-2312
-6630
3022
9914
-1267
-1307
-5402
-6816
-3368
2935
-1873
6399
-3174
-8501
-2235
2162
-7621
-4304
-5379
7682
-98
-5889
-9579
4161
-7753
-5034
-3390
3236
-4155
2500
-5999
3534
5871
7023
3447
-5397
-4284
8045
-2212
2348
980
5916
-1253
7806
7415
6512
-32
9794
-7792
4589
7476
2111
8700
7898
-3728
-9053
-7137
2882
4184
-1292
-4618
8185
-7758
-8748
5208
5689
-4144
-9077
3734
3645
3272
-5286
-440
-7981
-7481
-3026
8531
2488
-3232
-9261
-2924
-5757
2850
-4224
-7860
9122
-3277
-4996
2004
-9094
3712
7386
9092
5955
8639
4299
1643
-5506
5223
-4623
8139
-1505
91
-2302
514
2611
4673
-955
-4902
-8559
-216
2175
-4315
-7366
7952
-2174
-8244
-5326
2830
3760
-4419
-3458
1145
-5327
-7504
-217
8973
4140
4278
4196
9517
2416
-7310
-392
-9886
3204
-7782
4788
-7751
-2683
6230
2033
9493
-8086
4668
7444
-260
6424
-7882
-7431
183
-2300
-889
-8672
2373
1608
1112
1345
-4253
-4610
-4460
-4737
7807
-1769
4871
7921
-8565
7090
2709
-6316
-5593
-1061
5718
-6101
853
385
-8658
-9407
-3192
-6540
-6837
6992
1160
2275
8320
-6467
-6118
-568
4879
-371
4822
-9581
4892
2628
-1350
-237
549
85
-3147
-6742
3770
1260
2197
-513
5159
-6950
9872
6501
-6357
-3320
9962
-3194
-6329
1122
9081
-8009
4656
-7038
1423
-466
2592
-3755
-47
-2516
8874
8604
7247
-578
-1312
-5900
2681
-7542
5360
-5123
1945
518
-2072
1816
-2981
1571
8497
-3019
8378
-7833
8103
7459
-5841
2758
-9579
5583
-7708
3013
-8173
2246
-9504
-9299
849
7744
123
9538
-8157
-7196
-8005
7203
-2318
3941
-2279
5610
-4244
4740
-2820
-5747
-8280
-4442
-3579
9824
-6984
580
2582
-6563
-3838
4875
6450
-2010
-2880
6946
-1309
7970
4690
8815
7507
6533
-8382
9503
3735
-700
3443
-8545
-5091
9200
6196
2090
-6548
7917
7648
-127
7740
-9337
-9548
322
-5899
-3385
-4804
-9450
4605
2316
7497
-6704
285
2186
-7890
-2208
-1281
-6272
-2705
-7546
3029
-9263
-6091
7939
9937
-9895
28
-6611
8022
-2325
3262
5762
-1661
3715
-3917
2440
-9670
1280
2991
4935
-6404
488
8231
3881
-7327
-9659
-8327
1393
-5930
-1032
3847
7099
-294
7757
5037
-358
7862
-4936
3032
5884
2740
-3706
1645
-8921
-9992
7729
3520
-9662
-992
-3489
5274
2604
6999
3505
-3515
9673
3847
-1841
1065
7917
7127
-5089
5015
-3168
-7333
52
6475
-9471
5117
-494
6413
-2143
5800
-1943
-1063
5809
-4214
-7544
6148
4794
-1032
1422
-2602
-4034
-5074
3884
-4361
8774
-7958
6705
6690
9169
-8385
1705
-3999
-5717
-8244
-7524
-5188
6873
1983
-8775
-5270
-2218
-717
3667
-6409
5069
6124
9739
-137
-4909
1160
7261
1058
6087
1144
6698
4860
3187
3402
1550
2356
5017
-6746
8357
9301
-4990
-9167
-5887
-8117
2816
-4662
-3387
-9402
4621
-9721
-5811
-311
6403
-6073
9553
-8506
5088
6813
2553
1175
-2043
-750
-3965
-8857
-7349
7585
3499
7669
-9162
1856
6969
-4151
2689
-8919
-2268
-4495
-3580
4345
-3897
-8960
4625
292
729
1027
4220
282
2522
-692
-2906
-4926
-9518
5052
4324
-3482
6196
6975
-5898
-305
4644
-5059
-8450
1613
790
4240
2694
8522
9745
9114
2866
-4152
-9846
-2509
6140
884
8518
359
-8835
1040
9668
-1740
6114
-9851
-6689
438
-3333
9508
-2587
770
-798
-7944
5711
753
3669
-3500
-5008
-3637
-4978
-5263
-4523
7889
585
-4369
-4621
-3275
6515
-6103
7085
7680
4937
6752
-4061
1051
6902
-749
-8512
-6431
-1242
-1099
4340
7960
958
50
-1288
-5374
6551
3705
990
-8427
8443
6467
9462
-972
-7902
-5160
5753
8613
-1263
2838
6293
-6326
-411
-7768
4725
-3509
1483
6214
60
-9760
-4885
-5600
8201
6073
4450
-3087
-9301
1001
-9383
1689
2574
9061
-1844
2036
-1912
254
6876
-6159
-1133
-4387
6679
-4841
-712
-3732
-2609
-5988
2760
8875
-9775
-7180
9116
-4660
-2780
7316
-8587
-8330
-5771
-7888
2672
-5153
3802
-4755
-6093
-8042
7282
1996
2212
4158
5837
-8922
9771
2516
-3762
-942
8785
3629
3071
1544
2504
3297
4364
1619
8638
-8417
-1065
-9950
-6746
3164
-7837
5926
8011
5966
-8829
-8082
7924
8453
3914
135
2610
-249
1214
2381
-7734
7452
-8561
-8950
1081
4510
2595
-6415
-2193
-3042
5204
-3556
-1458
-5862
-3505
1796
7303
-1341
-2278
5313
-5376
-1107
7232
-7452
-2655
1145
2683
9956
-9105
-6103
2336
-6838
-8651
3775
-5788
2431
-1715
6807
6016
6092
-6235
1220
-7464
2308
5358
-969
-5896
2660
7691
1826
-2027
-7686
-9282
-4796
-5138
-1936
6350
7546
-1981
7245
-8557
-9646
-9593
-7207
4130
-5380
5224
-7586
-8573
1240
8506
-4808
-7541
-8958
7501
7817
74
-8396
477
-2236
3430
8451
79
4149
-6346
4941
-7788
-9996
2487
232
7250
3931
586
7657
6724
-5284
-7724
1948
-2870
-6297
-6813
-4364
-1104
-4354
-3322
-3604
-6537
6752
-1999
3941
-5485
-8569
2391
4594
5580
6046
-465
7793
6050
-7978
-1976
3299
5953
8611
956
2677
-6674
3233
-5376
457
6936
-2189
6093
-4168
3458
-7229
2228
6921
9524
-9772
861
-5962
-8340
-6748
8633
7240
9298
-1832
5033
5348
191
-6943
-1354
-3856
-8333
9603
8821
-5006
2835
-6555
5452
-229
1256
1545
5603
-5287
4316
-2169
-8366
3839
-1940
2496
7878
-280
5748
6511
-3041
5045
-5321
-8008
392
4870
-4951
9039
-8986
-3283
8641
9835
1712
1476
-6720
-2837
-8754
4536
8708
6849
9250
3024
-5321
-9116
-3138
2739
3380
-5260
-7541
-873
-8750
-582
-5829
-4070
1410
4564
-9201
6460
3602
-8187
-6824
2243
-8352
4888
-6282
-5072
-7950
-5035
9465
-9242
-8186
8715
3782
-3507
9599
-9357
9233
2978
-4616
-8308
-7896
-3366
1110
-3724
2565
-7480
-9161
3364
8980
4441
5178
-7844
-3316
6827
7044
402
-8245
9094
5368
-8780
9852
7182
9936
3634
-6325
9534
4278
-7092
2512
9662
-5400
4617
-3704
5711
-9108
8861
8231
-8269
2225
7211
6173
-2598
9367
-7144
-5771
6411
3259
-4015
5505
-1374
-2795
5357
-4192
-2859
-1010
-517
-3326
-6733
2391
9186
-7072
6991
3802
-776
2701
4695
-1915
932
6426
-9691
-1857
2599
-2288
-2491
5456
1941
-6080
-1285
7927
9425
7341
-4868
4781
-6851
2273
-6230
2632
8947
-2963
-4978
8133
-34
-7987
1935
9191
4714
-3371
-2725
-4355
-6945
-2416
3788
5654
5296
-8703
1110
-2763
-4782
9825
-4837
-5358
7166
295
9423
-9686
-7433
-6807
2946
-8486
231
7969
9648
-9804
9982
1582
9388
4695
8212
-3338
-9660
-8734
4246
4129
6921
-458
5427
-1969
6779
-9356
-2145
-8059
-4713
-4980
2237
-5290
-4666
4805
-2097
8281
6320
8135
6249
5967
8332
6231
-2451
7719
926
-4240
-5620
1267
-2973
8627
-4604
-6053
-1832
-9178
1978
-5054
-8533
9834
-3112
-3245
-5146
9125
1465
188
3930
9369
-1531
249
7503
-5282
-3785
5834
-9052
3765
3553
1875
9525
7933
-6859
-3449
6560
-1463
499
-5273
-640
-7523
-326
827
-7690
6562
7582
-2836
5687
-953
7353
-384
-1585
-4178
9866
-4082
541
-3919
-8249
1489
9846
5305
-6636
9370
3237
-3495
-4079
-204
5042
6420
4524
-5598
8898
-5803
5230
-8792
-9242
2812
-1628
6446
-8142
-4275
-3938
273
1548
-4073
6191
-7912
2008
7943
3578
1853
3247
6942
1223
-3516
-6554
7144
6281
8489
3563
804
-7109
2461
5002
8121
3669
5760
932
-7959
2206
2790
-2234
8268
-6937
9315
-5806
9255
-8598
6202
7198
4980
-1945
445
1922
9278
6930
5369
6421
3210
3857
-16
-5986
6749
-7556
9016
4869
6113
4776
-4200
8154
-3019
8591
-4080
-4752
-8347
-4766
-557
-9092
-3363
-4356
8106
-8384
3700
-1450
3538
2977
-4521
-1094
-602
8690
-7237
9382
-7297
9512
-8174
-8281
4380
7939
6495
-9820
6093
-6524
8771
-7987
-1275
-9576
-2752
8168
-8668
3885
-6189
9438
5501
7511
-2012
-961
488
3468
7946
9886
2158
-9291
9268
4861
-9780
-8907
6581
4601
9033
3076
4782
5125
6552
3552
7139
-4724
3976
-5614
-6557
5308
8271
-2745
4746
3772
-5234
-7266
-7190
5254
6202
-9244
5140
-1641
-8535
4407
-6780
-8314
5500
9802
6288
4532
2877
1069
-343
-571
-5380
-3204
4705
8597
1182
8149
3905
-548
-4596
-1350
-6776
170
1385
-3965
-4576
-2413
-3209
-9437
5947
-1743
4971
9168
-57
471
8969
-3770
-4998
1846
7299
4660
-8726
-8081
-8545
5980
-9485
2638
4129
4420
-7910
9533
-6930
-4686
-297
4455
1349
5127
-7959
8141
5691
7988
-3603
661
7155
6340
-8869
6124
-7430
-3866
-2031
9870
-9206
-757
-8212
-7750
-4777
-7696
4888
9352
6724
6979
8884
9795
-7708
-1414
4250
3642
-6287
6291
1782
9404
4279
8179
65
1434
4519
1197
-2443
7089
7332
5527
6958
8127
-5230
8747
-9624
-7
-8950
5265
-656
7775
2243
-1772
7569
4536
6815
1818
-1823
-9473
-1891
9959
9932
-7612
8138
-3
3823
2657
-8806
-8620
-254
8526
6907
-3296
6652
-8324
-4550
7029
1670
-3500
2294
-8986
-5725
-5463
-758
-8157
9073
-3943
3662
-2751
-3416
-8229
-2792
-3484
-5841
-4655
6513
7982
8002
7707
9362
-2252
6233
6269
4452
2885
7946
9902
-86
-385
-3598
-7793
629
677
-3255
9872
2521
-4183
-4072
-3818
3066
2513
-2047
-9726
9030
2113
-4381
5542
94
-6379
3249
-544
1369
-518
-4276
-4180
-7633
-6331
-4278
2281
3285
2125
4489
-6087
-7199
-8767
-6215
5322
-2950
-287
-8496
-9884
-7774
-543
-9610
-8745
-8431
-3990
6798
1664
-368
47
-8880
-8999
9529
-3156
-3179
-8104
514
2544
4177
-6202
-5332
-1334
-2288
-2530
-101
1497
-7209
6950
-8790
-5705
7067
-6564
3753
7458
-5308
5323
-6533
-8511
-3013
3099
1537
-1893
4100
1066
4951
-9079
2962
-4535
3466
-2861
-736
8134
5805
6976
-4397
-4296
-1528
-1605
-7347
-317
2691
9721
3119
-3556
7178
7811
-8234
-9356
9301
-1247
3744
837
6860
-2156
-8098
1811
-1234
4864
7277
-7769
-7998
-3460
-9635
7808
-6485
-4031
-6489
1988
4365
-3835
-8330
-2945
-4115
4790
3500
-6938
2601
5266
-6293
1901
-5981
7452
-7262
-9121
-4704
-5360
2691
4062
9505
-33
6294
-8493
6508
6659
9315
-9978
-7372
-7174
2011
6993
-1009
3681
-5952
4877
-1530
7548
7940
-8930
2814
-8353
2972
6834
9099
5710
7713
-5606
-9650
404
8457
9856
-9629
4750
-8638
6879
1409
-9323
6902
4037
-6497
-1088
1029
2495
-7407
5077
-2629
1063
2625
-4690
2134
-4562
-3043
-4894
-7729
-3944
-9185
9985
450
-8834
388
-1093
-8979
759
-6344
-7617
-2362
5065
-6940
-5461
-899
-3436
3451
-9870
9059
6044
5208
-3570
-2893
-2168
1740
9242
3270
8698
-5653
5542
-5247
-4837
5526
5204
-3671
-4086
-5890
-2650
6674
-2234
-266
-5689
-7169
2795
-1149
1933
9359
-7698
2063
8418
8346
-2730
-5153
-4547
5102
6587
-5305
-1628
5284
-958
-6086
-9963
4206
9440
5241
-9466
-4646
9351
-2115
-7972
-2883
7619
-3661
-52
413
5191
-8120
-228
7493
3943
-1810
5839
-8787
3037
-8709
6316
-376
-4014
-5313
-5092
5029
-1399
-5055
-765
-1959
-9815
-231
3396
9537
7655
5424
-3347
5274
-8237
6602
-4313
6954
8482
5459
4446
2425
-6351
284
3638
6686
1576
-46
-3690
7563
4641
1218
2591
-6758
6164
-8175
1284
6350
1595
-5321
5886
-750
-9897
-7461
-5477
-8134
9141
210
8821
7623
-4331
3267
48
-682
-6449
-6314
-3996
5127
3640
2314
2689
-1720
-6468
-4720
1523
9696
-2894
-7194
6046
8702
-2514
1932
-2049
-2410
4471
2475
-543
3612
-7315
-1723
1235
-1645
-8456
-8718
7673
-4905
-5032
-6323
-9779
8608
5992
2911
-3113
9524
8192
8411
9220
-4703
-8783
5265
-6001
-1296
-2803
1951
6294
-8332
-5575
-4250
5280
-2890
4028
-3486
5466
5572
-2204
3139
-9334
2764
6816
-9112
1372
2807
3800
8260
2331
1991
6670
1550
7288
7887
-3185
-8713
-3409
4013
3238
-7116
5681
7663
-1365
960
-5227
-7337
7475
-9762
8235
-4729
3377
8902
8036
193
9791
-593
-7000
3590
-2334
5331
-4420
-5664
-3119
-7132
-7778
3697
-5845
-1186
-2291
7393
1698
-6611
5056
-9667
4349
9830
-7004
1824
-9932
-8769
7095
3445
-9868
5131
-6362
9923
-5463
-3362
3513
2204
-8032
9093
6540
-1150
-8039
8763
-7454
-3884
-2424
255
-6491
9275
3644
8565
9608
-2007
8395
-7396
9817
8463
-6165
6912
1908
-6033
2042
5546
-6110
6580
-7816
7403
-1217
-5847
6496
-4677
3003
8457
-5915
5549
-5427
1661
-4197
-1918
936
9448
-3353
543
-2560
-4959
3147
-2743
-6497
6983
-5831
5412
-9051
6212
957
-5160
2792
3141
-7757
-8425
7295
8739
-3102
297
7196
983
-4154
-8232
-7356
1650
-150
3580
1097
6498
-5877
8538
-8461
7271
-4205
-4958
4253
-36
-9546
5203
-3824
1411
-9957
8968
-5448
-7714
-9458
-8153
-8975
-2559
2144
8221
8424
7990
9989
-8932
-361
-161
4649
-9264
-3663
8772
9274
-2124
6043
-4931
2919
295
5034
3373
-4502
-8791
-5216
-4459
-9823
-663
-2173
-9280
1184
-1147
-1839
-6673
-2927
-3415
-8683
-2938
-2347
957
6902
-7699
1693
-6762
-8927
967
1114
7116
6037
-5968
-2589
1070
7406
2909
2280
-7811
8450
2457
1526
-3723
3178
-7291
5130
-8662
-3963
-7797
-2076
-2645
-734
5577
8312
-3833
7879
5
-594
8952
-9028
-9480
6068
7009
-5448
-6521
-1922
-8043
6388
-9642
-5853
4838
2815
5673
-8885
-4007
8383
6246
-2669
-5580
8450
5255
1775
-2285
832
87
3883
-1290
-9909
-6712
-2338
-8936
-6192
-6270
8074
-1639
-2791
-3848
319
-6403
-3490
4466
8436
9326
138
9552
-4682
-1479
5797
2650
2941
4247
-2096
-5285
-8039
8737
4802
5844
-2553
4894
9132
5110
5959
-7060
8840
4032
1301
-3951
-9817
-8381
-353
-3307
6085
-1917
-3982
-3777
-2365
1336
4744
-6568
-6015
-2315
7679
1890
2401
9640
627
-2797
5483
8074
-7903
4615
3183
8056
7555
2023
2087
-1145
8073
2271
475
-2280
8965
-3441
5804
-5018
2783
-6562
6319
-2474
-3130
-9696
5212
-5452
2195
-2388
-5812
-7179
4815
9672
-9105
6912
4286
4079
4967
1841
-3898
-2946
-9305
-5826
9326
1170
1895
8290
7730
-2302
-6729
512
1137
9591
8039
8008
9896
3250
-7444
2090
-9138
-3256
4912
5677
-3585
5807
2589
-9300
-115
-2445
2542
5987
4610
3238
-9839
3935
-5593
2057
2224
-7863
9756
5496
2649
892
5087
688
-1101
4982
-6063
1456
-2928
-5201
8200
-8017
-9524
-5386
7790
3065
-4685
-2325
-9380
7857
-6339
5231
1094
-6177
-835
5502
5880
-8611
7640
5636
6886
289
-3472
1972
-9024
5428
-3046
-5086
-3117
4026
-286
-4918
6009
190
-303
3798
-6746
5012
-8527
-6125
2869
-4865
9106
-6037
-1042
-1729
9466
-5162
-339
7105
-9527
-3454
-2607
-2999
8519
-1630
-7572
-4528
3284
-689
9498
-7003
4394
5506
3187
-5910
-696
6442
9103
777
-9683
1972
5912
9423
5935
-5131
-2306
5401
-292
7355
2505
182
-6099
9899
7184
-7581
-1732
9613
-2109
-8449
-1077
-2612
-5451
-6683
-7107
7737
-2593
2198
4178
-3490
-7026
4496
8482
8886
3918
4417
-6245
-8388
-183
3464
8967
-7678
-6355
-7132
-7780
-9172
-4713
489
-9559
3178
2041
-635
-9434
6590
2682
-6541
4326
-9911
5657
-1496
-3401
8632
-7001
-4920
7518
6918
9497
-8728
8531
-687
4737
7497
1635
8382
-9635
3856
9211
-4348
-5655
9652
8830
6387
-984
9396
2977
-8302
-7145
-2697
-8213
8513
5807
-1614
7145
8807
3466
4662
5725
2963
5935
4255
-7725
671
1752
3911
-948
2117
-2233
-1737
7769
2113
-2085
6599
-1501
6932
5995
-8525
8630
8851
-1222
-9584
7363
-5415
-1197
4507
-6609
-7731
-831
9117
5232
-4897
3371
7507
5774
-4878
1418
-5174
7239
9186
3090
5008
1298
-8996
1606
9797
7937
-2399
-8728
6566
-3549
50
6983
-6187
4636
-4214
8321
8028
-1945
-2511
7144
-6714
2593
514
-9207
-1634
5637
2212
3192
2876
1397
-3718
-2117
-7306
-2714
9490
-7509
-4777
-2910
-6236
-8211
3541
3815
8772
7355
-1550
-5442
5676
-3523
2613
-6835
-6379
5900
5758
4135
6693
-5877
-228
-1096
7316
-7353
-9699
-6403
530
-7004
884
19
-4513
6107
7110
-748
7896
650
-6934
6668
-1995
1516
-8774
-6320
7994
3839
-3155
-8386
-262
-7398
5750
-3569
-3274
-4479
5336
-5958
-1832
5637
-2360
8699
8633
8525
-1282
-5880
4632
-4173
3372
2528
6478
6438
-805
-5518
-2046
422
-1838
-4053
-5740
5007
-2438
3999
7610
-6689
-9570
-5665
-1168
5766
-1622
7001
1403
6018
5700
35
4542
-5583
4156
-827
244
-2473
-8300
-3278
-6035
896
1204
1919
-8683
9366
7866
-4422
4373
-4573
9578
1983
-1261
-9993
6318
7572
5774
-5305
4573
-2824
-9287
272
7212
5255
4689
1367
-5572
-5067
8894
-3872
1655
-7142
7025
-7142
4778
8343
-7776
2643
-6080
6598
8071
-6502
-1420
-3190
-6495
-5102
-5619
9280
-406
8954
-3545
307
-775
-6334
-4438
-6086
5034
-10
-1153
3928
6119
-9499
6786
3143
-6640
1564
1485
-4416
-5793
5406
-7818
-7722
8904
762
-912
-7591
5661
3469
-8312
-4746
2423
-1856
5562
-8352
1811
-8877
-4438
-3156
1113
4410
-9228
-2768
4911
7559
-9625
8272
-878
1861
-6145
3329
-2734
-3962
5607
-3830
6801
-5306
-1420
2461
8164
269
7715
587
8414
3276
2235
224
4400
7798
7069
-4487
2207
7841
2745
-2882
5399
3120
-4611
-5480
-5020
-755
7850
2247
5283
3456
8418
2083
8151
-3003
-5457
6314
7267
-7742
-3100
5680
5534
9136
-4097
-67
6933
-7028
5446
-860
-9187
-1809
6258
6213
-8689
-8354
-9267
-3708
891
8583
8540
-3826
2038
6957
8257
189
-6046
-7200
-3498
-8780
-4942
3403
6900
-9408
2539
-7197
526
-528
-4224
-4029
8612
-3411
4163
4869
-7199
5474
6515
-6466
-8235
-2594
-7884
-9696
3580
4155
7262
1837
-5657
-8785
4637
846
-7564
9695
-5751
9336
-9714
6788
-7861
812
-3741
-2085
6784
-5129
4504
947
9740
7306
-3580
6255
-9161
-1814
-6339
-7044
-1509
7241
7112
-4248
-922
-8545
-3033
-6286
2301
-596
-6591
6551
-1261
-6304
3338
879
4509
9598
8794
1293
-5532
3298
-7761
-5792
604
-1340
-9538
1444
6846
-5876
4400
-4664
-8636
1512
1088
443
2967
8056
4157
-4732
-2540
7567
-8182
6199
-8738
5156
-2922
5771
4754
-4128
-2937
9222
9171
-697
-6570
-226
7963
-6108
-8783
4808
-1984
5618
-9856
-619
-2871
1233
9825
-9904
-711
3981
-4636
6749
1547
-2818
2948
2810
-7662
-9975
-1420
7092
-4103
5644
6314
-4933
-5054
9744
4842
-7092
-6364
6059
7717
1653
1677
7861
-8966
8806
-906
-9142
8903
8383
4839
-5734
5131
-3614
1448
-1921
9196
3786
-1896
-2224
878
4002
-6581
-2809
9070
-1635
-3066
3911
1274
571
-30
-1010
-7777
-8354
-3149
-6743
-9548
5945
-5884
9355
4327
8956
-6380
-542
-4659
5069
7537
-5463
-1146
-4359
2314
9732
9643
5734
-3077
8713
-5902
3858
2623
5373
-5572
-7407
-5638
-3348
-5761
1213
-90
-5309
-2843
4026
-5954
-8516
2981
-2334
942
8323
-7265
-1522
-7140
1589
4120
5174
1321
3762
907
8244
2474
5006
2102
-4903
378
6530
-2310
4741
-6818
1930
-4046
3092
6622
3111
-2882
-9333
4596
-9902
-1666
-4463
8422
1069
4016
-8719
-7342
-1865
6455
3980
-8103
-2638
2224
4372
-7632
-5675
9470
2746
-9145
-2840
-2513
-5963
9090
3441
7130
5712
-3448
-5753
6379
-8853
-5654
-5287
-3315
-7233
5783
-9299
-5952
8442
-1163
-9497
2421
735
-2135
-5356
-4894
233
-1030
-5424
-7021
-175
1736
466
3863
825
-6093
992
-3464
459
5240
-7085
1607
9586
-2371
8292
-7648
-6589
8994
-3599
-8148
-2170
-3096
4274
8565
4770
8919
-6329
-4997
-2112
-1753
-2018
7713
9983
8449
1576
808
-7645
-7433
7345
2815
7808
-9740
-5579
7394
-2111
-7287
9746
1301
-8294
-3853
3154
-463
3051
-2573
-1898
-2179
-3655
1773
2824
4233
-9980
-9195
1946
-9997
9255
-6479
811
-8391
-3911
-1844
4424
-6104
-1584
8845
-8711
6305
-8442
-8965
-2395
-6736
-2817
-9242
2802
-9767
-1814
-9097
-1945
4532
2676
-9122
-1236
2697
-8316
-9290
2700
-9062
-5769
-6489
-7452
320
1667
6972
4217
-9918
5817
5507
6388
7375
6542
-6007
-9361
-6275
-5248
3441
-6041
2938
4344
2014
-2531
-2980
2892
6234
9718
4577
6944
2417
5515
-8826
5928
8063
1495
-2405
5035
-4289
-2322
852
-8782
-5935
-1773
7760
-1942
-1134
-8516
2810
-7693
-4556
-4252
6652
7458
3217
-6329
349
-549
-6612
-5074
-3606
5806
-9560
-2431
1734
8504
9065
9330
3538
-5225
-2993
-5610
-4007
1072
2617
-6247
9131
-8518
-4762
1941
-6210
682
7689
-9559
-1860
906
-5887
8490
-9643
-2498
-6585
-3249
-6693
-6145
4321
5042
-7641
3385
4371
5897
8161
-8623
-9714
-5846
2450
2904
-2092
1581
4387
3147
-6478
8177
-6171
-8789
8618
1969
2118
-7269
458
2475
233
3873
9227
3541
7729
3547
-1417
-9913
-3068
-7047
5985
-4908
-5669
6272
-753
6782
-825
7155
-1638
-6439
302
1884
-8263
4131
3095
-9645
-3900
-4788
-6914
6558
7688
3320
431
6914
-3139
-1841
460
5444
-1753
7392
8397
-5769
-7516
-7273
-9497
1731
9509
-322
-1114
-2129
3239
9188
9756
4977
3319
2851
5332
9419
8063
8419
5977
5751
1739
-3593
2664
8600
4567
-6877
4043
-7187
-9485
2440
-2955
-7000
5168
-2452
4732
4677
7227
-6383
-7453
465
-7195
-7698
-4559
6125
5154
-9227
5543
3217
9193
1520
-1033
931
7927
-8370
-470
2493
-5247
-6427
5307
-4731
6013
-7648
-1731
1180
-99
-7000
-4144
-2873
-3382
-1596
7592
-576
706
-6967
-4452
-4141
-6193
-8909
9076
-7001
2611
-1957
3931
538
-327
-6539
-6969
4427
-2966
8338
9696
-6954
-9310
-2035
4226
591
966
-9918
7718
7584
-1514
5310
-2992
9193
8344
2556
-4948
-7849
3648
-5872
-4849
-3741
2171
9082
6797
-8157
-7458
9828
6270
-424
8165
5966
2623
8856
-6070
-3151
-554
4897
-3069
-2836
2481
5418
-7527
9489
4610
-9183
2045
9662
-7032
-4308
-6211
-1881
1952
5960
-2800
-1252
7804
-257
-1425
4074
9320
-3260
39
1943
-4405
3970
8792
5042
-1134
-4277
-7795
-8654
-8860
-5321
-9165
5750
-4504
2880
5412
-1536
8573
9202
6584
524
5162
-6217
9273
2965
3527
-2153
-2962
2847
4588
7078
-5211
-9818
1047
-6420
5225
9914
-696
7430
-8740
444
-7892
-7905
-3806
-2396
4976
-8395
6069
3549
-9193
2652
-5927
5969
6436
-6655
-1067
-38
1193
5972
-7191
-4220
3050
-2402
-4037
-5903
1178
-8813
-5990
-9518
8617
-4729
926
-9275
-2633
7121
-1670
-7657
8727
-5602
5892
9534
7051
9965
5502
3486
-6690
-5565
-6552
4503
-9593
-3743
-9717
3457
3856
-3754
7554
-4966
-2567
-8436
-4484
-3950
-3165
6442
-3224
4203
3562
5106
6546
2288
9505
2437
1822
6556
2402
-2677
41
5713
1759
3490
215
2166
9748
498
-4378
3603
6745
-6824
8637
-5822
-5260
-5848
228
1576
-9406
7005
-4222
4157
2110
-7677
-3555
1615
4761
8267
-1830
-2838
-4410
8212
-7126
7349
1702
3090
-486
1449
-6412
5137
-4948
-9668
8313
-6311
-5490
-6947
-2158
4739
4629
-1563
1743
-9593
-7407
-6147
-7270
-961
5469
7491
-2694
-6362
-5347
2896
-8151
-2472
245
3551
-9383
9759
-5000
-5794
4896
53
-5462
3209
3742
-951
6262
-8417
-6213
891
21
5531
1298
2614
9385
4029
-8347
4853
1520
-1041
8491
6174
-8145
-9660
-6299
2100
3892
-5681
1859
8893
-1475
-3246
-1055
3064
9963
-7313
-7888
6225
-5729
-4100
-2885
4292
-8569
8414
-3094
-9185
2443
-1441
5668
-6037
7519
4158
-9864
9375
4499
-6162
1474
-1610
-1843
-6667
-2718
6683
87
6228
-253
50
8915
1860
-3726
-6815
7761
3390
7477
9192
1804
-5618
-9994
-5753
2942
5674
-1790
460
-168
-1654
-166
-5670
2184
-8692
2720
-9659
-5359
-9998
7025
4729
6231
-3228
-5221
5145
8632
1053
8330
6392
-5557
5807
5583
6248
-9811
5589
-9506
3131
1263
-1296
-6409
-8906
7051
3426
-4576
-765
4734
8145
-423
9376
8147
-3398
4104
4378
3374
8883
-478
2006
-64
-2148
-1602
4380
-6342
-6020
628
-6153
9570
1123
6978
833
9828
-9431
1927
6878
3995
7351
-3887
-1271
5496
5690
-1896
3643
-7708
-7792
-1980
5666
-8909
7542
-2328
1028
-4607
6070
-4592
-948
-9950
6036
2899
9621
-2842
-123
453
-3015
447
-7621
-6137
-5559
9731
-24
3170
5226
-4334
-8727
-1132
-2042
-6518
6888
-6376
-5427
4430
1296
5601
9824
-2634
-8991
-1125
-2584
7045
-8226
-2964
-5798
1652
7489
1188
-7902
9869
5051
-3460
9599
-4973
9710
4825
694
-9017
-6307
8652
-5535
-9420
-7724
-961
5011
3573
-5360
4834
-9062
-4351
-6292
-1645
-7307
-4517
5391
-3104
7135
2880
8085
9234
2749
3136
-4227
2347
8163
-4518
-2828
-1144
-3534
865
-2492
931
1446
-215
9971
-3544
-6643
-5390
-8711
-5704
259
-5002
2651
2953
481
-1958
9849
-2384
-9078
7934
-3150
3671
1069
2623
-3982
-769
8106
3190
8088
-5429
-5945
-4404
5503
5501
5381
5473
-8043
8739
-9918
-6754
-6966
342
-1755
5686
-6706
8727
-6272
-6857
-3657
-5349
-8924
3193
8322
2145
-4184
-5660
-8624
-6079
7531
9464
-1507
-8415
-4941
-6005
7087
-9560
9469
9044
9179
9551
-7710
-7787
-108
536
7900
3187
-738
-8373
6330
5606
-3721
7406
-1202
-5400
-449
4615
-1059
927
8536
-3529
391
-2971
-1943
5451
1024
-4857
5891
493
-5813
5069
43
-3522
7283
9936
7014
5182
3122
-3724
6810
-549
-8119
-6912
-3143
680
-2311
6409
-4706
6630
-2665
-6170
-6899
7726
859
1159
3177
-8117
6303
-933
2376
-9511
-5864
-7581
-3033
-8582
-7646
-6020
6601
5477
256
3410
-5072
2138
6499
1786
-7183
-5813
-1806
-1888
-9183
5529
1942
-6081
3255
-7199
5078
-3569
-5315
1380
5499
7062
1869
9635
9481
8837
-8947
-8165
-7183
7654
7312
3074
1063
-7760
-4789
-2439
4026
-1971
1749
-7781
6141
2566
7749
-1917
6485
1003
884
1562
7435
5570
-7058
2933
2631
4811
2568
2111
3648
3621
3947
6465
1274
1258
-462
-7663
3498
4750
-101
-2476
-7222
-8353
-257
8919
4213
-2509
-2999
698
8495
7886
-7740
5929
3455
-4798
-1138
-3914
-9987
-8570
8197
3661
5051
2143
126
-3675
-6599
9664
-1337
6900
4413
8562
-5577
7192
-9792
4167
6110
4422
-8343
-6889
-4880
-9848
-9003
-2619
6082
4453
2583
-5057
-9462
2597
-3626
8736
-3742
-8575
879
6384
-2250
4280
6048
6414
1180
461
4975
5604
-2348
5184
-230
-6238
-394
1428
-3127
4727
1580
-2129
-7893
-2339
-7677
4691
2605
-7138
-2713
8979
-8403
3546
-9597
2476
-71
-1846
-3245
-4023
-5433
7936
6438
9543
3539
-5910
4727
-6691
-2148
-5667
4737
4726
9060
-3683
-7404
-8833
3978
-5080
5858
-3417
-2218
-6855
-4439
-621
6691
-4035
-8146
-3380
4119
-1390
2597
8687
-3455
-965
8230
-9916
3125
2957
-6607
-9024
7290
8130
5702
6350
-5554
8298
7517
8425
-6783
3374
-4993
1000
6520
569
-9622
3210
6534
-7768
9830
652
843
2427
-661
7388
-8539
-2432
7472
4587
-9476
-9135
5563
7815
8995
1265
4164
-6559
-437
1680
-8134
2781
-4946
-3127
-6220
-8427
7442
-5842
4784
3975
-3609
4613
-5373
7234
-2960
3966
4622
-1498
-8466
2094
-6912
-7942
2959
8652
9874
1954
-84
4037
5395
9480
-4283
7262
2260
771
-5866
6040
2345
-8424
-9803
-2872
5552
-3411
-8259
-9822
-6178
-1218
4145
8444
7284
5679
537
-9628
7738
-6504
9024
7611
5450
-1060
1647
845
-1581
7365
-1894
-9322
-1865
2240
6718
-9520
3817
6916
-2391
-632
-6496
-650
-454
-2673
8132
-6309
-4230
5416
9370
6308
5788
7107
9804
4811
4718
5254
-6249
-3635
-3902
2170
-6271
4205
2849
1865
-3555
-433
2345
-9739
-3518
9954
-371
-13
-696
9176
7315
-2564
-7134
-6915
-7149
-7764
9393
8639
9344
9197
3450
4061
4451
7201
-9575
-9451
-630
-5845
4754
-7782
6020
-8802
1786
-1635
-8541
8268
-1682
1089
-1745
7623
264
-4431
-4942
3131
-1346
-2091
5367
-1953
-3453
4710
-2756
9998
-1230
-8306
7198
-804
-7756
-3432
3351
6998
-1213
-629
8196
-9428
7736
9656
8841
-3946
744
-2905
-6324
-8993
2665
-1266
4138
-8681
6643
-495
-633
-6810
-5786
6612
-6813
2985
8306
-9615
-7819
-9451
-3047
5532
7548
5740
-5097
5743
6313
-7362
5398
5153
-1308
-3859
-7752
2368
-2851
4913
-8898
-8713
6233
7746
792
-4401
-9064
5006
-7790
-5876
-2009
-9484
-5491
172
-8934
1462
-4296
8614
-2798
607
4357
-6486
3245
-246
8667
-8063
5896
-9086
4306
-6955
5828
5408
-5668
2060
3154
5124
7660
4090
130
9871
8214
8122
-9614
-7278
-1707
-8547
4185
3997
-9933
-8614
-5396
4424
-5099
7850
-5822
-6432
9787
-9926
-5518
4092
-6881
-9690
-500
-2548
2371
-7346
-7425
31
6744
2706
-99
4958
827
288
7681
9121
1741
1865
3118
1808
3252
7722
-3768
8154
5571
411
-8279
5358
485
-3797
-550
3604
-3486
8951
-8945
8886
-8396
-6369
-1084
8349
6338
8817
3307
-2835
-896
987
-3715
-9155
-7148
9404
2653
6105
7125
8886
4258
2696
-704
5979
-1947
9781
-7818
7504
3385
-1304
6454
4441
-2419
8058
8073
6497
6406
4411
5314
-287
-8425
-5583
-9301
-2139
-4738
-6449
-2735
7916
9656
-5611
6801
3913
7086
-3903
-108
-4861
-4122
2074
-7358
9263
-9231
9096
3704
-1649
7153
1777
-5152
3559
-3813
-9839
-6729
-2237
-5421
-6029
5625
-159
-2477
-7111
-2243
-2821
-2721
-5443
-8908
-5635
655
984
-496
6533
-6943
2146
5796
-6173
1241
-500
2179
-1606
-8724
7027
-8047
-2536
7189
-4775
5227
-8233
-803
852
1608
6720
3741
9365
-6102
-8980
-6078
-5010
-4615
4578
5975
4889
1110
9032
-2966
-3095
-7141
8276
6405
5038
-3330
7682
2065
-1377
-4855
-747
3849
-9629
1020
-6955
1224
-7372
9765
-5036
-8007
-6337
-4015
-4084
-1346
1370
-9507
-5372
-3741
1603
-6340
3294
8509
-3481
1569
4914
-8443
8239
2596
3622
-3138
7741
-7125
-9289
8113
3896
-6244
-664
6524
-6479
4301
8518
-2815
-9715
-5567
5839
1656
-5074
-9534
7915
6530
-5873
1208
5039
646
-7224
-48
2203
-8985
-7453
-4175
-2122
-9712
-1300
-1411
8401
-7405
2346
-2263
9120
5867
-7963
7637
-6948
-7678
-7930
8891
3978
-3004
9358
1893
-6474
-6516
-6900
8565
4131
-4123
-1483
-3666
-3108
1065
2159
4771
1353
-9141
-6641
-246
-6546
5705
7491
-7426
1572
9529
-9789
4624
-8150
-7719
3515
5829
-722
2873
-2279
2804
6357
822
1369
488
6699
9887
6822
-6410
951
-1020
8362
-7696
-161
-8280
2059
3294
7426
-451
5869
-1002
-923
6080
-6378
928
8361
7137
-3243
-2362
10
4479
-9558
-3634
-4700
1811
6854
-8002
1697
3676
-4411
-7352
-7345
-6050
-5047
2495
-4329
7012
-4211
-6904
-3440
-8343
2094
5638
7737
5716
-3434
6098
2853
3323
-6265
-7138
-2199
-5823
-771
3102
5989
-3917
5100
-2314
9759
-9311
334
-7586
-5360
5287
4910
311
2299
-9302
3407
8860
-7644
-4499
4497
-9907
-8783
-8937
6191
4071
4386
9926
6934
-7813
-5897
-3837
5290
-9908
2247
390
-2222
2006
1079
8113
4420
5719
3400
-670
-3970
-4302
28
9438
-5443
2385
-5062
9055
2478
-3844
-9883
-1332
-9774
4504
-1406
7161
6692
2697
-6677
1981
2789
5570
-7630
-9433
-2425
3450
8680
-8005
-831
2079
1325
5199
7777
-8647
4636
-7667
3738
9575
-8612
-3785
-4270
-8495
4884
-4043
6009
-6523
-6883
2700
6174
-3559
-5319
-1037
-7990
-2948
-470
-414
-9498
-1791
1581
-329
-9712
-7094
-5130
8065
-5741
9507
-9602
7998
9081
-8214
-5788
-5189
-6708
9097
769
9302
-7427
3887
2001
8748
-9673
6683
-2290
-7662
-6265
7241
1925
-5763
-4550
-6495
3908
-4262
-3589
8779
-6197
671
8285
-5798
-1332
7366
-4011
2881
-7823
-719
1977
2946
-1418
4550
-3168
-9417
3298
-2840
7266
-8992
-502
-8999
8249
-8578
-4762
-6302
-5072
9147
-563
1340
7925
3240
-7990
6210
7442
678
3575
-6570
-6442
5752
2712
5536
-1303
-8707
86
5530
-8123
-6617
-7311
9144
-5609
2188
-9856
-7360
3611
-4618
-3661
8540
-5472
5776
-121
-7547
-984
1890
8663
-3543
-7432
2238
-112
-3873
-2011
-7400
-8338
6687
-6107
1748
2217
