1000
-9993
-9971
-9933
-9922
-9920
-9918
-9913
-9909
-9899
-9871
-9856
-9821
-9746
-9743
-9726
-9709
-9694
-9692
-9671
-9653
-9648
-9645
-9636
-9572
-9569
-9561
-9526
-9519
-9454
-9381
-9369
-9349
-9348
-9339
-9314
-9303
-9223
-9212
-9131
-9108
-9107
-9089
-9081
-9067
-9037
-9002
-8999
-8999
-8992
-8954
-8946
-8939
-8884
-8870
-8869
-8859
-8819
-8817
-8816
-8811
-8801
-8716
-8686
-8659
-8642
-8606
-8606
-8589
-8584
-8573
-8564
-8535
-8513
-8511
-8500
-8434
-8425
-8406
-8401
-8399
-8394
-8386
-8368
-8332
-8331
-8313
-8259
-8247
-8212
-8199
-8160
-8145
-8144
-7996
-7971
-7939
-7933
-7931
-7928
-7890
-7825
-7780
-7774
-7770
-7760
-7748
-7740
-7709
-7689
-7679
-7673
-7645
-7621
-7604
-7559
-7505
-7484
-7432
-7420
-7415
-7414
-7398
-7395
-7385
-7366
-7354
-7344
-7328
-7291
-7254
-7250
-7244
-7213
-7196
-7192
-7187
-7153
-7145
-7131
-7124
-7109
-7088
-7056
-7041
-7008
-6964
-6958
-6929
-6907
-6877
-6852
-6846
-6785
-6785
-6778
-6771
-6720
-6711
-6693
-6678
-6658
-6636
-6527
-6509
-6506
-6495
-6493
-6477
-6387
-6313
-6304
-6264
-6243
-6234
-6153
-6139
-6136
-6135
-6130
-6128
-6112
-6108
-6075
-6025
-6017
-6002
-5980
-5950
-5950
-5949
-5942
-5930
-5908
-5883
-5876
-5869
-5868
-5860
-5827
-5807
-5800
-5747
-5743
-5732
-5723
-5720
-5676
-5641
-5609
-5592
-5576
-5567
-5550
-5520
-5504
-5502
-5493
-5477
-5475
-5368
-5349
-5329
-5312
-5285
-5284
-5279
-5258
-5251
-5249
-5225
-5222
-5203
-5190
-5069
-5056
-5051
-5049
-5028
-4966
-4957
-4953
-4948
-4943
-4877
-4869
-4844
-4838
-4806
-4783
-4758
-4677
-4677
-4668
-4646
-4621
-4593
-4549
-4538
-4505
-4503
-4479
-4472
-4453
-4431
-4425
-4422
-4420
-4362
-4319
-4317
-4262
-4223
-4217
-4208
-4195
-4169
-4150
-4146
-4130
-4113
-4107
-4086
-4073
-4073
-4065
-4011
-4007
-3999
-3983
-3975
-3971
-3969
-3956
-3955
-3955
-3940
-3918
-3910
-3908
-3889
-3880
-3862
-3860
-3859
-3823
-3820
-3804
-3792
-3780
-3772
-3761
-3759
-3735
-3714
-3653
-3618
-3605
-3599
-3593
-3587
-3554
-3518
-3508
-3500
-3496
-3465
-3462
-3457
-3446
-3421
-3401
-3376
-3375
-3363
-3350
-3276
-3270
-3228
-3220
-3218
-3194
-3180
-3179
-3148
-3131
-3126
-3107
-3088
-3079
-3040
-2958
-2949
-2917
-2867
-2852
-2840
-2840
-2838
-2788
-2786
-2775
-2756
-2744
-2733
-2716
-2704
-2629
-2602
-2600
-2586
-2567
-2527
-2521
-2516
-2503
-2455
-2453
-2442
-2392
-2370
-2353
-2300
-2298
-2279
-2268
-2244
-2221
-2217
-2183
-2167
-2154
-2150
-2146
-2141
-2117
-2076
-2073
-2072
-2057
-2017
-2009
-1999
-1995
-1989
-1969
-1965
-1958
-1954
-1949
-1897
-1895
-1863
-1854
-1837
-1832
-1789
-1788
-1677
-1676
-1656
-1519
-1501
-1460
-1447
-1343
-1331
-1316
-1311
-1300
-1274
-1262
-1256
-1205
-1203
-1162
-1149
-1095
-1083
-1065
-1007
-1006
-998
-949
-896
-891
-878
-877
-856
-850
-848
-836
-816
-784
-753
-742
-740
-686
-630
-624
-609
-609
-600
-570
-543
-530
-484
-423
-397
-380
-373
-367
-354
-319
-302
-278
-232
-208
-207
-197
-103
-67
-63
-35
-30
37
38
39
43
64
68
79
85
93
146
171
172
183
189
218
221
241
308
326
351
358
408
443
446
484
493
531
534
537
538
557
610
615
632
661
665
746
778
778
784
794
826
829
864
871
881
889
906
929
934
939
951
957
967
1005
1008
1033
1037
1042
1058
1065
1081
1086
1088
1089
1171
1232
1255
1262
1282
1291
1312
1349
1361
1374
1388
1533
1570
1576
1598
1602
1628
1639
1653
1658
1684
1698
1709
1716
1716
1722
1737
1760
1767
1812
1833
1835
1848
1870
1877
1937
1945
1948
2060
2074
2088
2090
2091
2114
2116
2123
2134
2146
2187
2226
2228
2230
2262
2281
2309
2316
2349
2387
2392
2405
2420
2459
2462
2465
2472
2502
2505
2515
2526
2536
2593
2605
2624
2644
2650
2655
2670
2674
2681
2703
2706
2737
2851
2853
2896
2908
2926
2940
2947
2962
3032
3037
3047
3078
3085
3087
3103
3104
3142
3156
3228
3261
3278
3286
3287
3326
3329
3366
3381
3419
3427
3450
3455
3465
3471
3483
3500
3565
3571
3602
3603
3636
3666
3679
3681
3745
3753
3769
3798
3814
3824
3826
3832
3855
3896
3905
3908
3908
3963
4025
4030
4037
4042
4079
4087
4089
4102
4107
4112
4157
4162
4168
4188
4210
4218
4286
4292
4305
4310
4335
4338
4342
4363
4404
4421
4464
4481
4484
4486
4504
4505
4516
4520
4540
4551
4557
4558
4587
4592
4597
4622
4684
4696
4723
4740
4797
4860
4875
4896
4897
4901
4910
4926
4929
4995
4996
4999
5015
5062
5080
5082
5087
5114
5145
5151
5167
5170
5170
5175
5196
5200
5216
5217
5259
5307
5362
5383
5389
5451
5457
5463
5474
5484
5495
5507
5520
5522
5567
5571
5604
5642
5643
5654
5685
5699
5699
5700
5706
5746
5748
5758
5777
5793
5797
5858
5878
5917
5933
5945
6090
6117
6121
6174
6176
6178
6179
6191
6194
6196
6231
6239
6244
6262
6292
6306
6310
6314
6347
6357
6361
6379
6388
6391
6393
6401
6402
6409
6431
6440
6450
6461
6473
6500
6507
6510
6510
6517
6521
6522
6529
6531
6536
6567
6567
6575
6582
6598
6614
6636
6710
6760
6776
6777
6814
6884
6913
6929
6932
6938
6949
6949
6967
6983
7000
7012
7019
7094
7100
7101
7125
7143
7167
7216
7231
7371
7371
7401
7453
7466
7481
7508
7516
7525
7531
7533
7599
7648
7659
7680
7680
7691
7704
7733
7789
7854
7912
7934
8022
8053
8062
8066
8100
8105
8162
8175
8185
8192
8200
8213
8225
8230
8233
8287
8299
8313
8333
8334
8349
8415
8424
8462
8471
8481
8526
8557
8600
8613
8628
8662
8666
8728
8773
8780
8794
8822
8824
8825
8833
8845
8902
8902
8919
8960
9001
9027
9068
9076
9086
9102
9116
9135
9197
9198
9233
9263
9269
9307
9311
9356
9364
9374
9440
9443
9476
9479
9484
9487
9500
9514
9514
9516
9555
9569
9583
9585
9590
9652
9658
9689
9692
9735
9747
9749
9756
9759
9784
9808
9822
9832
9841
9860
9880
9906
9917
9937
9938
9941
9945
9947
9988
9990
