1000
-5950
3896
778
-5908
3156
-816
8780
-3180
8200
7854
-3792
-4146
-1676
-1095
951
-1065
-3593
3329
778
9692
9880
-7354
829
4305
-8399
1576
7466
-850
-8999
3602
6636
-4948
-2503
-2586
-856
-9348
6598
-2076
-2527
4797
-4223
3681
-9349
4102
-7415
1602
-6964
-1007
-5069
3814
-1316
-5190
6461
9514
9116
8062
1089
6582
-2788
2091
183
-6153
7143
7680
1262
-3714
8333
-2141
4210
-4195
-7344
9988
9487
-6693
4089
-7928
4910
7125
1065
9841
939
9749
-5349
-2600
9263
-6234
-4538
351
-9653
2674
-7559
531
6522
9585
-1789
-2217
-4130
-3457
5643
-9920
2349
8299
-9933
1835
-8394
4157
3908
6517
1282
-5028
6357
-7780
-5279
-8992
-380
-6017
-5225
5082
4335
-4877
-2244
6777
5654
-5723
6361
-6136
2060
-7770
408
-2298
-7689
-7244
-3999
-7621
4592
-2392
6536
-1501
-5876
-2183
3471
-9519
38
8192
-8511
9658
-7825
-3735
4740
6510
1388
-7505
3286
-2958
-3228
-354
906
8833
1877
-8686
-3465
4188
-5930
2536
6567
8662
-9856
3103
-2840
-5732
-9081
-9369
-5251
957
8824
-3761
615
-9002
2505
-4646
7508
-6108
-2150
794
934
4622
-9561
-8160
3455
2316
-6846
9990
-3496
-2775
2526
-6929
-4113
2670
6174
3047
6938
7094
3679
-8313
-1949
2502
-2073
8666
3500
-9569
-5980
1008
-5676
1870
-8199
5259
-3508
-7760
7100
9947
4557
-9746
9937
-8939
-2521
2462
-5868
3366
-4869
-9694
-3587
-7931
7401
-9909
-6243
-4549
2593
1684
-5883
-3908
2116
-1863
7101
6440
-9993
8902
1698
-3500
-8859
-1203
-3554
5699
-949
-3618
6760
6531
8845
-9108
-103
-6025
-8801
6310
-3955
8600
6401
-197
-5949
-1006
-8513
-1832
5087
3603
6306
2187
43
6314
1088
-8259
-7187
2230
538
-740
-2072
9590
5642
-5312
6121
4486
-4420
-3983
8462
-3220
-7673
-5493
-4621
8728
4310
-570
-2279
5797
7599
-7192
-600
3905
4995
9443
218
-3918
-8817
3032
8313
1722
-7709
-3759
1312
7934
929
-2567
2420
6510
3450
881
-6711
5777
5389
-1331
4505
-302
8100
-7774
-4505
5699
-4966
4896
-397
-9971
4338
9822
-3889
5522
2853
-5576
-2756
5145
665
8557
3078
-8406
-4011
-4503
8105
9440
6379
-8606
5217
1767
64
-278
-8535
-1837
1948
-3040
-6139
6983
-8145
3465
7012
6194
3287
-6877
1716
-3860
-2453
8960
-8716
8213
7516
4363
9808
-6495
9860
7912
-7056
6239
9307
8162
-1995
-630
-2117
-530
7533
9832
6431
-8606
6814
8287
4860
3826
4481
-1854
6949
-3804
4286
-5504
-4844
5571
-7291
-7328
-67
-7484
-3823
-207
-9572
-878
-3969
9735
-2716
4037
-896
5167
-6493
-3363
4999
9938
-1969
1812
8225
-7109
-4362
2706
1037
-7414
8902
-4677
-2917
-5942
-9107
-208
-3270
826
2309
2908
-9381
2737
-7971
-3350
2472
-686
-9314
-8425
-5520
-5807
-1788
9479
-5869
6244
1291
-7645
9135
6929
5062
172
9516
3963
5495
-3401
8022
6388
6391
-5249
-2786
-1300
7659
-2167
-8564
9689
4484
3908
-998
5170
5484
3483
9364
-6304
2962
-6506
9941
-5747
-4150
9076
-8819
-9089
-753
-9303
4875
-5258
-2704
2896
-8870
-6313
7648
-1656
2387
5307
6178
3824
4996
661
-2268
-6002
-4169
-6785
7481
-4806
-3088
443
-1311
-3148
4696
4540
-4073
5878
5451
5175
6575
326
9917
-6130
-6778
-8954
-2442
-9131
-609
9945
6176
-4431
3769
1171
6231
-8500
5170
-7939
-5284
2650
-2744
1628
-6907
5945
8481
7789
484
-5592
3666
-4065
9583
241
6262
9500
4112
9484
-9454
-8331
-9648
-63
-8386
6529
5507
5383
-2300
1737
6884
-7131
3798
-8401
5520
-8946
3228
8613
7000
1709
6402
-2516
6117
68
3419
5700
-9692
-319
5200
4421
-836
5746
6090
-484
-4317
7704
-3955
-8811
3087
3745
2926
-30
6614
-3276
1570
2134
-2221
-5203
746
-5222
6507
-2852
2262
2624
7216
-4319
-1677
7525
5362
-6477
1945
-5475
9269
-1965
4042
-5049
-4262
-9913
-3859
8825
3832
9068
-1205
446
-4208
-9636
-7420
3571
-4838
3326
8349
-8332
-9526
610
4292
7691
6292
-7385
5216
1653
-3862
-2840
6179
-4593
5196
221
358
-9067
308
6500
9759
-5860
5567
-1447
4587
-8642
-1083
7167
4929
4079
493
3278
5748
967
-6112
39
-1343
-9821
2655
-6128
1833
8794
1033
-1989
-5800
-3772
8233
4558
-2838
-1460
1058
-3079
2681
-3375
5474
-2733
-2017
-5609
-5567
-7088
8471
4926
6191
4218
-4107
-9922
-5743
4551
-9743
6913
8424
2090
5706
-543
-9899
9906
5685
8334
4464
-7153
-3126
-4479
-232
9555
2146
-4758
-3179
-9871
-367
1255
-6958
-1897
-3820
9233
-7679
2074
9311
-3421
-3376
9569
-6509
-4953
1658
9197
4504
1760
9102
189
93
3565
3037
6967
9086
-7196
6521
1232
-1954
-6658
1361
7680
4597
4404
-4217
-9223
3636
-1895
2851
2947
4684
9476
2515
8175
-5477
-5827
7371
9027
5933
6473
-784
-3975
37
-7748
-7008
-877
-4943
9514
-9645
3104
-7145
1716
784
7453
-3880
6567
8230
9756
-5329
1081
2703
9356
557
-4783
7531
5080
-609
4901
4107
-4677
1374
-6678
1349
-8589
-4425
4342
534
632
3855
889
-6264
6710
-7395
4520
4162
-1274
1086
2392
-1519
5758
-6527
-8816
5114
4030
-3599
2644
-891
5793
-2455
-6785
-8884
8919
-3462
2465
-9671
2114
-3194
864
-7254
-9339
-8247
-3518
7371
-5641
-8999
1533
3085
2088
-6075
-8434
-2154
-2602
-7250
-7041
-8573
-848
5604
537
-5056
-6852
3753
-3940
-7933
-9709
8526
-7604
2405
-4668
3261
5151
-4007
5015
-8368
-6636
9374
-7366
4897
2459
4723
8822
4025
-7432
-3780
6776
-4472
-2353
-4073
-8869
8185
871
-5720
1937
6932
-3653
2228
5457
-1256
-5368
-9212
-7996
9784
-3218
7019
-8584
146
6393
-5950
-4957
-1149
8773
-6135
-7124
-8659
85
9652
-3131
7733
-4422
-1999
5917
6450
2281
-2146
3381
8628
-9918
-1162
-2629
-5285
-373
-624
-5502
6409
-3605
-4086
-3446
-7213
-35
1598
1639
-1262
5463
4516
79
-4453
4168
6949
-6720
9747
-5051
9198
6196
7231
-2949
-423
5858
-2867
8415
-6771
1848
-1958
2605
6347
-5550
9001
-7740
1005
-8212
2226
-7398
3427
-9037
8066
-2057
1042
-6387
-7890
-2009
-3107
-8144
2940
-3910
8053
171
3142
-2370
-3971
-9726
-3956
-742
2123
4087
